id,line_order,point_order,lon,lat
11235000000,0,0,149.2598460164477,-34.78679988867375
11235000000,0,1,149.25999003641732,-34.78686963868656
11235000000,0,2,149.26088454626822,-34.78698483876396
11235000000,0,3,149.2611884762151,-34.7870434787904
11235000000,0,4,149.2616285961387,-34.78712399882865
11235000000,0,5,149.26316623588013,-34.78734023896185
11235000000,0,6,149.2653641155135,-34.7876256391521
11235000000,0,7,149.26557026548667,-34.78759250916953
11235000000,0,8,149.26573765543705,-34.787786759185195
11235000000,0,9,149.2677584850984,-34.78806149936023
11235000000,0,10,149.2731132842013,-34.788787239824075
11235000000,0,11,149.27323015417315,-34.78887094983466
11235000000,0,12,149.27343620429033,-34.7876939998443
11235000000,0,13,149.2734570443363,-34.78730438984343
11235000000,0,14,149.27343966436342,-34.7871095798406
11235000000,0,15,149.27347054439704,-34.786805799841176
11235000000,0,16,149.27426956482017,-34.78249073988022
11235000000,0,17,149.27452999478626,-34.78244917990225
11235000000,0,18,149.2746759648636,-34.781660579909385
11235000000,0,19,149.27441556489754,-34.781702149887344
11235000000,0,20,149.27522762532763,-34.77731619992702
11235000000,0,21,149.27525189535712,-34.7770529099273
11235000000,0,22,149.27465621545576,-34.77698095987576
11235000000,0,23,149.27269390577626,-34.77677947970621
11235000000,0,24,149.27156816596892,-34.776593909608444
11235000000,0,25,149.27150929596112,-34.77672630960429
11235000000,0,26,149.27140340596185,-34.776846929596054
11235000000,0,27,149.2712239359714,-34.776985199581624
11235000000,0,28,149.27074731600828,-34.77726175954265
11235000000,0,29,149.26985299608097,-34.77775307946937
11235000000,0,30,149.26880332616312,-34.778354769383526
11235000000,0,31,149.26891910612915,-34.77848624939434
11235000000,0,32,149.27018164575173,-34.7799759095127
11235000000,0,33,149.27031559572035,-34.78006514952478
11235000000,0,34,149.26891158582907,-34.78087914941003
11235000000,0,35,149.26895082584258,-34.78072502941234
11235000000,0,36,149.26767084622395,-34.77922469929241
11235000000,0,37,149.26745863626877,-34.77912211927354
11235000000,0,38,149.26741840628546,-34.779037659269505
11235000000,0,39,149.2671026463823,-34.778645479239785
11235000000,0,40,149.2666720265087,-34.77815606919954
11235000000,0,41,149.2662510666374,-34.77763617915992
11235000000,0,42,149.26590387674193,-34.77722062912735
11235000000,0,43,149.26526301679866,-34.77753614907459
11235000000,0,44,149.26415133687777,-34.77823588898412
11235000000,0,45,149.26412216687694,-34.7782772989819
11235000000,0,46,149.26407858686417,-34.77843082897921
11235000000,0,47,149.26404690685345,-34.77855394897735
11235000000,0,48,149.26399616685353,-34.77861406897342
11235000000,0,49,149.26388491685404,-34.77874312896476
11235000000,0,50,149.2635666768719,-34.77898117893912
11235000000,0,51,149.2634983868633,-34.77913117893428
11235000000,0,52,149.2631513768804,-34.779410548906455
11235000000,0,53,149.26270549690958,-34.779711488870326
11235000000,0,54,149.26159811699335,-34.780369328779955
11235000000,0,55,149.26155844700472,-34.78032642877626
11235000000,0,56,149.26148193701817,-34.78031112876959
11235000000,0,57,149.26136437703562,-34.78031299875954
11235000000,0,58,149.26126173704785,-34.78033865875093
11235000000,0,59,149.2610628870631,-34.780454888734674
11235000000,0,60,149.26037153711553,-34.78086479867826
11235000000,0,61,149.25972942716365,-34.78125011862589
11235000000,0,62,149.25940359719232,-34.781411768599085
11235000000,0,63,149.25800535730434,-34.782193338484646
11235000000,0,64,149.25779489732244,-34.78230131846736
11235000000,0,65,149.2575212573439,-34.782457688445
11235000000,0,66,149.25736167735684,-34.78254568843194
11235000000,0,67,149.25717464737042,-34.78266123841669
11235000000,0,68,149.25708109737275,-34.782754758409325
11235000000,0,69,149.2569050973736,-34.782958308395656
11235000000,0,70,149.2566458373498,-34.783457738376846
11235000000,0,71,149.25680895731873,-34.78350966839117
11235000000,0,72,149.2569868572845,-34.78356895840682
11235000000,0,73,149.25729082722572,-34.783672768433554
11235000000,0,74,149.25774185713618,-34.78384484847336
11235000000,0,75,149.2573837370826,-34.784698998448526
11235000000,0,76,149.25729720707804,-34.78483874844205
11235000000,0,77,149.25708343704875,-34.78532694842708
11235000000,0,78,149.25666167698787,-34.7863153783977
11235000000,0,79,149.2565950969776,-34.78647641839309
11235000000,0,80,149.25649348697507,-34.786618318385365
11235000000,0,81,149.25337386757687,-34.785566068111024
11235000000,0,82,149.25260065771485,-34.78539398804365
11235000000,0,83,149.2523127377649,-34.785340478018625
11235000000,0,84,149.251616467884,-34.78522655795822
11235000000,0,85,149.25104370797968,-34.785151047908684
11235000000,0,86,149.25033881809435,-34.78508238784786
11235000000,0,87,149.24988961816607,-34.78504975780917
11235000000,0,88,149.24937503824668,-34.78502461776494
11235000000,0,89,149.24885969832556,-34.78501393772075
11235000000,0,90,149.24840815839323,-34.78501563768211
11235000000,0,91,149.24808359844127,-34.78502229765436
11235000000,0,92,149.24782900847848,-34.78503132763264
11235000000,0,93,149.24763566850655,-34.78503928761614
11235000000,0,94,149.24737801854337,-34.78505467759419
11235000000,0,95,149.24699275859774,-34.7850831475614
11235000000,0,96,149.2468007686244,-34.78510101754508
11235000000,0,97,149.24654555865962,-34.78512628752341
11235000000,0,98,149.24628936869442,-34.78515609750168
11235000000,0,99,149.2460986187202,-34.7851793274855
11235000000,0,100,149.2459079387456,-34.78520526746938
11235000000,0,101,149.24571726877082,-34.785232997453235
11235000000,0,102,149.24546464880385,-34.78527267743189
11235000000,0,103,149.24508581885263,-34.7853380173999
11235000000,0,104,149.2447724588922,-34.7853986073735
11235000000,0,105,149.24452228892338,-34.78544996735243
11235000000,0,106,149.2441482789692,-34.78553328732099
11235000000,0,107,149.24396245899163,-34.785577167305384
11235000000,0,108,149.2438396690063,-34.785607307295074
11235000000,0,109,149.24353229904258,-34.785686727269315
11235000000,0,110,149.24340954905688,-34.78571960725903
11235000000,0,111,149.2431045590919,-34.78580618723352
11235000000,0,112,149.24280186912605,-34.78589725720823
11235000000,0,113,149.2426814891393,-34.785935457198185
11235000000,0,114,149.2423822291719,-34.78603458717325
11235000000,0,115,149.24202682920975,-34.78615906714367
11235000000,0,116,149.24190874922215,-34.786201767133875
11235000000,0,117,149.24167371924645,-34.78628982711435
11235000000,0,118,149.24144099927003,-34.78638056709505
11235000000,0,119,149.24109475930425,-34.78652288706638
11235000000,0,120,149.24098010931536,-34.78657184705691
11235000000,0,121,149.24080928933174,-34.786646137042794
11235000000,0,122,149.24035749937408,-34.786849897005524
11235000000,0,123,149.24001497940571,-34.78700842697731
11235000000,0,124,149.23990803941544,-34.787059036968486
11235000000,0,125,149.2392315394783,-34.78736870691272
11235000000,0,126,149.2388910395104,-34.78752089688462
11235000000,0,127,149.23877751952122,-34.787570716875244
11235000000,0,128,149.23866286953233,-34.787619666865766
11235000000,0,129,149.2384313495552,-34.787714866846606
11235000000,0,130,149.2383155395668,-34.787761116837004
11235000000,0,131,149.23808277959046,-34.78785183681771
11235000000,0,132,149.23778705962138,-34.78795991679315
11235000000,0,133,149.23760933964022,-34.788022596778376
11235000000,0,134,149.23743052965938,-34.78808440676348
11235000000,0,135,149.23725159967887,-34.78814348674859
11235000000,0,136,149.2370705296988,-34.78820172673348
11235000000,0,137,149.2369501097122,-34.788239026723424
11235000000,0,138,149.23664628974666,-34.78832921669806
11235000000,0,139,149.23615656980348,-34.78846326665706
11235000000,0,140,149.23584802984004,-34.788541776631206
11235000000,0,141,149.23560022987,-34.78860027661041
11235000000,0,142,149.23521635991736,-34.788682836578126
11235000000,0,143,149.23497483994765,-34.788731306557786
11235000000,0,144,149.23459717999583,-34.788800226525936
11235000000,0,145,149.23421714004522,-34.788861956493854
11235000000,0,146,149.23248959028294,-34.78903948634728
11235000000,0,147,149.23216741032948,-34.78905509631983
11235000000,0,148,149.2320384903483,-34.78906007630883
11235000000,0,149,149.23184511037655,-34.78906619629232
11235000000,0,150,149.2315871704147,-34.789071656270295
11235000000,0,151,149.23132915045332,-34.789073486248235
11235000000,0,152,149.23120009047284,-34.7890730362372
11235000000,0,153,149.23094192051227,-34.78906858621508
11235000000,0,154,149.23081388053188,-34.78906541620411
11235000000,0,155,149.2305555705719,-34.78905644618195
11235000000,0,156,149.23036292060195,-34.78904810616542
11235000000,0,157,149.23023371062226,-34.789041366154315
11235000000,0,158,149.22997628066304,-34.789025146132175
11235000000,0,159,149.2296563507142,-34.78900100610465
11235000000,0,160,149.22927058077642,-34.78896810607144
11235000000,0,161,149.2291434207971,-34.78895589606048
11235000000,0,162,149.2290787408075,-34.78895073605492
11235000000,0,163,149.22863045087996,-34.7889108160163
11235000000,0,164,149.22850226090054,-34.78890043600524
11235000000,0,165,149.22824588094153,-34.7888814959832
11235000000,0,166,149.22798845098245,-34.78886437596106
11235000000,0,167,149.22773109102297,-34.788849945938956
11235000000,0,168,149.2274738410632,-34.78883823591687
11235000000,0,169,149.22715202111317,-34.788825865889265
11235000000,0,170,149.22702288113314,-34.78882182587819
11235000000,0,171,149.22676574117264,-34.78881551585615
11235000000,0,172,149.22650757121178,-34.78881283583406
11235000000,0,173,149.22631401124107,-34.78881172581749
11235000000,0,174,149.22591930130017,-34.78881415578375
11235000000,0,175,149.22579907131802,-34.7888162757735
11235000000,0,176,149.22554116135603,-34.788822605751484
11235000000,0,177,149.22528329139385,-34.788830745729484
11235000000,0,178,149.22508995142195,-34.788838665712994
11235000000,0,179,149.22476776146837,-34.78885514568557
11235000000,0,180,149.22449288150762,-34.788872335662184
11235000000,0,181,149.22394761176344,-34.787489145606095
11235000000,0,182,149.2232215921045,-34.78564413553144
11235000000,0,183,149.22265660233649,-34.78447414547515
11235000000,0,184,149.22046062323935,-34.7799171452563
11235000000,0,185,149.2202706033062,-34.77961214523798
11235000000,0,186,149.2201148533263,-34.77963883522484
11235000000,0,187,149.2194454835991,-34.77826885515827
11235000000,0,188,149.21942869361925,-34.77812825515587
11235000000,0,189,149.22053274421407,-34.7720689652089
11235000000,0,190,149.21961217467552,-34.769496505112656
11235000000,0,191,149.2189936852546,-34.76562508503336
11235000000,0,192,149.21901511527045,-34.765473145034136
11235000000,0,193,149.2192091152353,-34.765520685051065
11235000000,0,194,149.22703306384432,-34.767227755731724
11235000000,0,195,149.2301311832279,-34.76842574600488
11235000000,0,196,149.2302331332068,-34.768471996013915
11235000000,0,197,149.23031835322124,-34.76825495601971
11235000000,0,198,149.23075092357146,-34.764948766034166
11235000000,0,199,149.22998832415794,-34.76119216594328
11235000000,0,200,149.22995033417484,-34.76110311593944
11235000000,0,201,149.22633051528945,-34.75656049559883
11235000000,0,202,149.22622652535298,-34.75617900558734
11235000000,0,203,149.226334385339,-34.756161225596436
11235000000,0,204,149.23270564428122,-34.75695766614683
11235000000,0,205,149.23285175436786,-34.756093106153436
11235000000,0,206,149.23419874517964,-34.74801674621353
11235000000,0,207,149.23510380573026,-34.742548906253624
11235000000,0,208,149.23523458571998,-34.74247414626429
11235000000,0,209,149.236211576287,-34.73678915630906
11235000000,0,210,149.2372886169138,-34.73050814635832
11235000000,0,211,149.23760861709533,-34.72867914637321
11235000000,0,212,149.2377626071867,-34.72776714638016
11235000000,0,213,149.23865360704343,-34.72784314645691
11235000000,0,214,149.23871262702286,-34.727936146462596
11235000000,0,215,149.23894060693252,-34.728383146485164
11235000000,0,216,149.23945058669023,-34.729703156537816
11235000000,0,217,149.23969659657746,-34.73030714656301
11235000000,0,218,149.23992862646867,-34.73089614658687
11235000000,0,219,149.2402025963566,-34.73146115661419
11235000000,0,220,149.2402876062799,-34.731970146624924
11235000000,0,221,149.24021361624168,-34.732363146621275
11235000000,0,222,149.23989059624927,-34.73268914659586
11235000000,0,223,149.23932761627592,-34.733150146550834
11235000000,0,224,149.23870861630922,-34.73362515650111
11235000000,0,225,149.23814363634662,-34.73400314645534
11235000000,0,226,149.2377076363709,-34.73433115642029
11235000000,0,227,149.237587626341,-34.73471313641263
11235000000,0,228,149.23763160627036,-34.735223146419884
11235000000,0,229,149.23790360615868,-34.735787136446994
11235000000,0,230,149.23814859605534,-34.736317146471585
11235000000,0,231,149.23844961595276,-34.736774156500466
11235000000,0,232,149.23847260590765,-34.737106156504694
11235000000,0,233,149.23829660588297,-34.737513156492426
11235000000,0,234,149.23790659588252,-34.737983146462255
11235000000,0,235,149.2373756358926,-34.738538146420616
11235000000,0,236,149.23710060587513,-34.73900613640028
11235000000,0,237,149.23691661581975,-34.73966714638904
11235000000,0,238,149.2370516257715,-34.73989014640212
11235000000,0,239,149.23725857571114,-34.74012315642141
11235000000,0,240,149.23770763563428,-34.740198146460344
11235000000,0,241,149.2383686155365,-34.740186146516834
11235000000,0,242,149.23903160542645,-34.74026915657414
11235000000,0,243,149.23953661534142,-34.74034215661784
11235000000,0,244,149.24007061525344,-34.74040414666396
11235000000,0,245,149.24107859509095,-34.740492156750825
11235000000,0,246,149.24158361500733,-34.740554146794466
11235000000,0,247,149.24214560491828,-34.74059114684281
11235000000,0,248,149.2427966148011,-34.74074513689959
11235000000,0,249,149.2432496146998,-34.741010156940156
11235000000,0,250,149.24379562455195,-34.74153414699048
11235000000,0,251,149.24435359441287,-34.74197414704124
11235000000,0,252,149.24511162425,-34.74236414710878
11235000000,0,253,149.2460275940698,-34.742703147189516
11235000000,0,254,149.24711361386747,-34.743015147284595
11235000000,0,255,149.24837162364406,-34.74328914739416
11235000000,0,256,149.24923860349344,-34.74345115746949
11235000000,0,257,149.25120062317436,-34.743645147638794
11235000000,0,258,149.253519622781,-34.74400313783981
11235000000,0,259,149.25462560260542,-34.74407815793502
11235000000,0,260,149.25678060225755,-34.744270148120876
11235000000,0,261,149.25768861212478,-34.74424113819845
11235000000,0,262,149.25808861209902,-34.74396815823085
11235000000,0,263,149.25829761212506,-34.74351114824562
11235000000,0,264,149.25819162219722,-34.743064158233494
11235000000,0,265,149.2577115723541,-34.74238914818776
11235000000,0,266,149.25718363251565,-34.74173514813809
11235000000,0,267,149.25701259261234,-34.741170138119585
11235000000,0,268,149.2573785826142,-34.74071814814784
11235000000,0,269,149.257957612537,-34.740640158196896
11235000000,0,270,149.25863261241324,-34.74081813825593
11235000000,0,271,149.2593676122806,-34.74099514832009
11235000000,0,272,149.26148260195,-34.741098138501954
11235000000,0,273,149.26235061183195,-34.74100014857564
11235000000,0,274,149.26346860168854,-34.740805158670085
11235000000,0,275,149.26404559161557,-34.740696158718784
11235000000,0,276,149.266371631336,-34.74014115891426
11235000000,0,277,149.2678596311695,-34.73968814903868
11235000000,0,278,149.2686855810704,-34.73949015910809
11235000000,0,279,149.2692156009848,-34.73953714915385
11235000000,0,280,149.27001360082423,-34.73986115922443
11235000000,0,281,149.27087894064798,-34.74022963930109
11235000000,0,282,149.27113287058623,-34.740417059324145
11235000000,0,283,149.2714365905248,-34.740543139351026
11235000000,0,284,149.27225861032724,-34.7411321494255
11235000000,0,285,149.27315961014136,-34.74153414950548
11235000000,0,286,149.273609620033,-34.741858159546254
11235000000,0,287,149.27403359993224,-34.742153139584616
11235000000,0,288,149.27467358981943,-34.742286159640365
11235000000,0,289,149.27545260971073,-34.742220149706704
11235000000,0,290,149.27639459957425,-34.74218014978717
11235000000,0,291,149.27728060943062,-34.7422641398637
11235000000,0,292,149.27786460930903,-34.7425331499156
11235000000,0,293,149.2784456091648,-34.742986159968495
11235000000,0,294,149.278943579052,-34.74328815001325
11235000000,0,295,149.27950158893952,-34.743516150062646
11235000000,0,296,149.28016461882711,-34.74361816012019
11235000000,0,297,149.28077959875137,-34.74348616017202
11235000000,0,298,149.28123760872057,-34.74318415020924
11235000000,0,299,149.2815076287212,-34.74285716023014
11235000000,0,300,149.28155960877413,-34.7423741402313
11235000000,0,301,149.2815436188178,-34.74204616022768
11235000000,0,302,149.28139561890396,-34.741538150211525
11235000000,0,303,149.28133560904308,-34.740504140199334
11235000000,0,304,149.28153160911884,-34.73966815021042
11235000000,0,305,149.28160362914966,-34.73933715021433
11235000000,0,306,149.28186459914244,-34.73908316023497
11235000000,0,307,149.28226960909495,-34.73897715026899
11235000000,0,308,149.28286860899834,-34.7390301603207
11235000000,0,309,149.2836985788439,-34.739267140393494
11235000000,0,310,149.28475660861355,-34.73983515048809
11235000000,0,311,149.2858935783611,-34.74048415059003
11235000000,0,312,149.28728557806107,-34.741207140714344
11235000000,0,313,149.28860560779628,-34.741736150831166
11235000000,0,314,149.29020258752374,-34.741996150969925
11235000000,0,315,149.2913846073471,-34.741989161071274
11235000000,0,316,149.29197159726777,-34.74191915112116
11235000000,0,317,149.29256362721136,-34.74166115117018
11235000000,0,318,149.2927816072344,-34.74121815118585
11235000000,0,319,149.2928166072698,-34.740895141186634
11235000000,0,320,149.29289858740944,-34.73968815118543
11235000000,0,321,149.29310360746953,-34.73896615119809
11235000000,0,322,149.29332256748992,-34.738543141213995
11235000000,0,323,149.29345458751894,-34.738155141222656
11235000000,0,324,149.29340159756717,-34.73783515121592
11235000000,0,325,149.29313160765759,-34.73743916119005
11235000000,0,326,149.29277857778234,-34.73686915115587
11235000000,0,327,149.292856617865,-34.73611914115745
11235000000,0,328,149.29316660789553,-34.73550715117987
11235000000,0,329,149.29357660787878,-34.7351511512126
11235000000,0,330,149.29404461783383,-34.73495015125138
11235000000,0,331,149.29452560778716,-34.734747151291266
11235000000,0,332,149.29503858771608,-34.73470016133495
11235000000,0,333,149.29544059765732,-34.73468715136936
11235000000,0,334,149.29615759751863,-34.73493415143255
11235000000,0,335,149.2964655874554,-34.73506916145991
11235000000,0,336,149.2972286172839,-34.73552115152847
11235000000,0,337,149.297572597194,-34.73582514156005
11235000000,0,338,149.29820659700354,-34.73658214161963
11235000000,0,339,149.29848257687192,-34.7372981516482
11235000000,0,340,149.29850060678035,-34.73800415165458
11235000000,0,341,149.29850958672773,-34.73841115165813
11235000000,0,342,149.29848461668564,-34.73877515165846
11235000000,0,343,149.2984495766253,-34.73929615165902
11235000000,0,344,149.29871858641002,-34.740685151691586
11235000000,0,345,149.29907358625897,-34.74146115172736
11235000000,0,346,149.2995036261313,-34.74196215176767
11235000000,0,347,149.3003046159493,-34.742452161839765
11235000000,0,348,149.30123660573113,-34.74307315192397
11235000000,0,349,149.30223459550191,-34.74370315201394
11235000000,0,350,149.30252659542484,-34.74396716204082
11235000000,0,351,149.30318461526954,-34.74441515210034
11235000000,0,352,149.3043225749868,-34.74530316220408
11235000000,0,353,149.30486062484653,-34.745775152253486
11235000000,0,354,149.30564361466773,-34.74626116232401
11235000000,0,355,149.3066655844675,-34.74663216241428
11235000000,0,356,149.3079085842657,-34.74675215252179
11235000000,0,357,149.30852861416844,-34.74678515257526
11235000000,0,358,149.308929604067,-34.7471121626119
11235000000,0,359,149.30926361395117,-34.747633162644135
11235000000,0,360,149.30952762386428,-34.74800815266937
11235000000,0,361,149.30953262386214,-34.74801916266987
11235000000,0,362,149.31004657368084,-34.74884515271964
11235000000,0,363,149.31026159361997,-34.74907214273966
11235000000,0,364,149.31044158355803,-34.74934914275699
11235000000,0,365,149.31047457353645,-34.74948116276072
11235000000,0,366,149.31049658348994,-34.74982415276496
11235000000,0,367,149.31054560344677,-34.7501081427711
11235000000,0,368,149.31080059336145,-34.75048116279555
11235000000,0,369,149.31083661332576,-34.75072116280028
11235000000,0,370,149.3107795632958,-34.75102715279746
11235000000,0,371,149.3106365932681,-34.751417152787866
11235000000,0,372,149.31068061322443,-34.75171115279364
11235000000,0,373,149.31095958313,-34.75212816282046
11235000000,0,374,149.31123359300713,-34.752776162848406
11235000000,0,375,149.31143959293334,-34.753116152868415
11235000000,0,376,149.31157162285376,-34.753590162882986
11235000000,0,377,149.31167958280503,-34.753848162894016
11235000000,0,378,149.31190961272267,-34.754227152916364
11235000000,0,379,149.3121846026505,-34.75447214294163
11235000000,0,380,149.312418602603,-34.7545701629624
11235000000,0,381,149.3125766125678,-34.75466116297661
11235000000,0,382,149.3127465925303,-34.75475616299184
11235000000,0,383,149.31288259248242,-34.754974163005016
11235000000,0,384,149.31294960243588,-34.75526315301273
11235000000,0,385,149.3131375723165,-34.75598615303382
11235000000,0,386,149.31312761228335,-34.75626115303483
11235000000,0,387,149.31301559226952,-34.75650415302686
11235000000,0,388,149.31266559228848,-34.75677116299864
11235000000,0,389,149.3123945823187,-34.75685415297595
11235000000,0,390,149.31209262235396,-34.756934142950556
11235000000,0,391,149.3115236224251,-34.757048162902485
11235000000,0,392,149.31129162243778,-34.75722415288376
11235000000,0,393,149.3111405924161,-34.75757615287319
11235000000,0,394,149.31114960237576,-34.75788515287607
11235000000,0,395,149.31114960234854,-34.75810116287756
11235000000,0,396,149.31115457232679,-34.758268162879126
11235000000,0,397,149.31111259230886,-34.75846015287683
11235000000,0,398,149.3110185722887,-34.758732162870615
11235000000,0,399,149.3108935922824,-34.758931142861236
11235000000,0,400,149.31061459229215,-34.75918615283902
11235000000,0,401,149.31030558230998,-34.75941314281404
11235000000,0,402,149.31003161232698,-34.759605152791835
11235000000,0,403,149.30977060236,-34.75965414276977
11235000000,0,404,149.3094635923943,-34.759748162744046
11235000000,0,405,149.3092066024136,-34.75990115272303
11235000000,0,406,149.30901059241356,-34.7601351427078
11235000000,0,407,149.30886160240834,-34.7603541426965
11235000000,0,408,149.3087625823902,-34.76061614268979
11235000000,0,409,149.30862158237383,-34.760914162679725
11235000000,0,410,149.3085796023636,-34.761045162677014
11235000000,0,411,149.30852861235047,-34.76121016267376
11235000000,0,412,149.30850259231983,-34.761484142673396
11235000000,0,413,149.30849660231192,-34.76155415267336
11235000000,0,414,149.30851857229007,-34.76170115267625
11235000000,0,415,149.30855858226494,-34.76185314268073
11235000000,0,416,149.30881349215835,-34.762394492706306
11235000000,0,417,149.3088745921328,-34.762524162712424
11235000000,0,418,149.30928861200167,-34.763071152751714
11235000000,0,419,149.30955660190935,-34.76348416277755
11235000000,0,420,149.30967358184438,-34.763860152790144
11235000000,0,421,149.30984360174932,-34.76441116280852
11235000000,0,422,149.3099156117095,-34.76464115281625
11235000000,0,423,149.30996558166447,-34.7649391528226
11235000000,0,424,149.30995459163572,-34.76518015282329
11235000000,0,425,149.30999562160548,-34.76537116282813
11235000000,0,426,149.31008461156813,-34.76556115283706
11235000000,0,427,149.31043960147042,-34.765913152869935
11235000000,0,428,149.31085260136788,-34.766234152907586
11235000000,0,429,149.3113775812587,-34.7664741529543
11235000000,0,430,149.3114985812278,-34.766575162965395
11235000000,0,431,149.3114935812013,-34.76679114296644
11235000000,0,432,149.31120461114864,-34.767553142946824
11235000000,0,433,149.31098258113627,-34.76791615293024
11235000000,0,434,149.31086859113017,-34.7681001529217
11235000000,0,435,149.31081961111764,-34.76825816291859
11235000000,0,436,149.3108055911055,-34.76837116291815
11235000000,0,437,149.3108205910624,-34.768695152921644
11235000000,0,438,149.31084658099354,-34.76921015292739
11235000000,0,439,149.3108065809636,-34.769495142925905
11235000000,0,440,149.31065459094955,-34.76978814291487
11235000000,0,441,149.31037960093943,-34.77019614289403
11235000000,0,442,149.31028061091746,-34.77048815288753
11235000000,0,443,149.31028357085273,-34.77099816289127
11235000000,0,444,149.3103145907868,-34.77148415289724
11235000000,0,445,149.31027459073266,-34.771961162897064
11235000000,0,446,149.31016359068718,-34.7724541428909
11235000000,0,447,149.30998460066098,-34.772875152878406
11235000000,0,448,149.3098665906457,-34.773137152870056
11235000000,0,449,149.309656610634,-34.77348015285438
11235000000,0,450,149.30951758063537,-34.7736351528435
11235000000,0,451,149.30923959064424,-34.77389614282142
11235000000,0,452,149.30898362062885,-34.77432314280236
11235000000,0,453,149.30886459059204,-34.77475715279509
11235000000,0,454,149.30873757053902,-34.77532915278809
11235000000,0,455,149.30854759053858,-34.77555915277335
11235000000,0,456,149.30830859055106,-34.775745152754105
11235000000,0,457,149.30796761058417,-34.77588915272582
11235000000,0,458,149.3075316106307,-34.77604015268941
11235000000,0,459,149.3072376106575,-34.77617816266511
11235000000,0,460,149.30724257063505,-34.776350152666716
11235000000,0,461,149.30729458060756,-34.77650614267225
11235000000,0,462,149.30771262048253,-34.776999152711504
11235000000,0,463,149.30802360040505,-34.77724315273987
11235000000,0,464,149.3082605903439,-34.777445152761594
11235000000,0,465,149.30867961024472,-34.777732162799516
11235000000,0,466,149.30916561012828,-34.778076152843596
11235000000,0,467,149.3093555900722,-34.778294152861385
11235000000,0,468,149.30936059005052,-34.778460152862955
11235000000,0,469,149.30921561002603,-34.778827152853005
11235000000,0,470,149.30874159003554,-34.77931714281566
11235000000,0,471,149.30841261003897,-34.7796821527899
11235000000,0,472,149.30814959002717,-34.7800891527701
11235000000,0,473,149.3080145799852,-34.78058315276189
11235000000,0,474,149.30792558991848,-34.78121815275858
11235000000,0,475,149.30789058981102,-34.782112142761676
11235000000,0,476,149.3079355897368,-34.78264714276919
11235000000,0,477,149.30802158963115,-34.7833821527816
11235000000,0,478,149.30814761952516,-34.78407214279713
11235000000,0,479,149.30838760942956,-34.78454415282095
11235000000,0,480,149.30870059933682,-34.78490614285029
11235000000,0,481,149.30880257929257,-34.78513515286061
11235000000,0,482,149.3087305592773,-34.78534215285583
11235000000,0,483,149.30823558932815,-34.78552915281462
11235000000,0,484,149.30752361939895,-34.78581716275546
11235000000,0,485,149.30676361947857,-34.78609216269209
11235000000,0,486,149.30626257952986,-34.78628315265039
11235000000,0,487,149.30587458956626,-34.786457152618276
11235000000,0,488,149.30567357956625,-34.786697152602656
11235000000,0,489,149.3057166095271,-34.78695615260811
11235000000,0,490,149.30583859943835,-34.78751414262239
11235000000,0,491,149.30583359940874,-34.78775514262362
11235000000,0,492,149.30575960935099,-34.78830115262099
11235000000,0,493,149.3057575993321,-34.78845315262185
11235000000,0,494,149.3057926093058,-34.78862015262599
11235000000,0,495,149.30601561923316,-34.788930152647254
11235000000,0,496,149.3066315991005,-34.78924715270228
11235000000,0,497,149.30695961902165,-34.78948116273204
11235000000,0,498,149.30718960896712,-34.789639152752855
11235000000,0,499,149.30745258889655,-34.789885162777125
11235000000,0,500,149.30794657874048,-34.79053316282395
11235000000,0,501,149.30818656866893,-34.79081415284648
11235000000,0,502,149.30840059861126,-34.791016162866235
11235000000,0,503,149.30858160857585,-34.791081142882206
11235000000,0,504,149.3088215985291,-34.79116515290338
11235000000,0,505,149.30912559848352,-34.791164162929476
11235000000,0,506,149.30942559845403,-34.79104015295439
11235000000,0,507,149.3096265684546,-34.790796152969975
11235000000,0,508,149.3099175784412,-34.79055515299332
11235000000,0,509,149.31046657840946,-34.79015215303771
11235000000,0,510,149.310712588388,-34.79002914305799
11235000000,0,511,149.3109505683545,-34.79001014307829
11235000000,0,512,149.3112385883001,-34.79009815310363
11235000000,0,513,149.31148656824615,-34.79023015312582
11235000000,0,514,149.31174359820008,-34.79028914314829
11235000000,0,515,149.3119446081759,-34.79024115316522
11235000000,0,516,149.3121735681581,-34.79010916318398
11235000000,0,517,149.31234059813144,-34.79012114319839
11235000000,0,518,149.31270559801422,-34.790615153233105
11235000000,0,519,149.3130385879092,-34.79105016326468
11235000000,0,520,149.31307259788622,-34.791192153268554
11235000000,0,521,149.3129845978688,-34.791435143262675
11235000000,0,522,149.31300259783896,-34.791650153265685
11235000000,0,523,149.3131545777452,-34.79221214328257
11235000000,0,524,149.31324761768929,-34.79254414329282
11235000000,0,525,149.31330959763983,-34.79286216330032
11235000000,0,526,149.31325659761853,-34.793094153297346
11235000000,0,527,149.31318060759756,-34.793351153292576
11235000000,0,528,149.31315961758884,-34.793445153291415
11235000000,0,529,149.3131515875715,-34.793592153291726
11235000000,0,530,149.31311559754954,-34.793809163290106
11235000000,0,531,149.31304956753638,-34.793992163285694
11235000000,0,532,149.31297759752414,-34.79417514328076
11235000000,0,533,149.31293357751144,-34.794328153278016
11235000000,0,534,149.3128105674974,-34.79458616326922
11235000000,0,535,149.3128015874591,-34.79490016327059
11235000000,0,536,149.31284659740783,-34.795253153276875
11235000000,0,537,149.3128315973711,-34.7955621432777
11235000000,0,538,149.31276158734667,-34.79583914327356
11235000000,0,539,149.31268858731408,-34.79618415326965
11235000000,0,540,149.3126696072921,-34.79638115326937
11235000000,0,541,149.31268657726733,-34.79655715327201
11235000000,0,542,149.31279757718147,-34.797105153285294
11235000000,0,543,149.31278859716733,-34.797228163285354
11235000000,0,544,149.3127185871443,-34.79749415328116
11235000000,0,545,149.3127615870814,-34.79794115328791
11235000000,0,546,149.3127676070255,-34.7983771632914
11235000000,0,547,149.31288061692933,-34.79900416330539
11235000000,0,548,149.31291258688742,-34.79929814331013
11235000000,0,549,149.31300960680986,-34.799797143321875
11235000000,0,550,149.3129865667569,-34.80024416332296
11235000000,0,551,149.3129175867293,-34.80054515331907
11235000000,0,552,149.31283856669452,-34.8009151533148
11235000000,0,553,149.31282757666335,-34.80117515331564
11235000000,0,554,149.3128975866065,-34.801542163324164
11235000000,0,555,149.3130446065109,-34.80212415334075
11235000000,0,556,149.3131095764244,-34.80273215335048
11235000000,0,557,149.3131345763588,-34.80322216335597
11235000000,0,558,149.3131596162701,-34.80389515336271
11235000000,0,559,149.3132125761302,-34.80494014337438
11235000000,0,560,149.31323057610217,-34.805141153377306
11235000000,0,561,149.3133745660517,-34.80536916339121
11235000000,0,562,149.3135606060136,-34.80544915340775
11235000000,0,563,149.31392060594604,-34.805555163439365
11235000000,0,564,149.31416858588886,-34.80571215346174
11235000000,0,565,149.3142385958631,-34.805833163468584
11235000000,0,566,149.31413960584365,-34.806105143461934
11235000000,0,567,149.31383457586395,-34.80630814343713
11235000000,0,568,149.3135606059058,-34.806303153413566
11235000000,0,569,149.3128895859996,-34.806360153356344
11235000000,0,570,149.31208761613698,-34.806228153286575
11235000000,0,571,149.3116335862129,-34.80616816324719
11235000000,0,572,149.31108258630948,-34.80606015319913
11235000000,0,573,149.3103575864379,-34.805907163135835
11235000000,0,574,149.30968156655786,-34.80576315307681
11235000000,0,575,149.309158596657,-34.805601153030814
11235000000,0,576,149.30892557669713,-34.805561153010544
11235000000,0,577,149.30864058674052,-34.80555716298603
11235000000,0,578,149.30808859683728,-34.8054491529379
11235000000,0,579,149.30790960686684,-34.80542815292242
11235000000,0,580,149.30773257689123,-34.80544616290733
11235000000,0,581,149.30753456689166,-34.80567914289191
11235000000,0,582,149.30744908689164,-34.80578101288528
11235000000,0,583,149.30743652688832,-34.805822372884485
11235000000,0,584,149.30664126705975,-34.805412492813424
11235000000,0,585,149.30608708717756,-34.80514020276399
11235000000,0,586,149.30569708725992,-34.804952452729225
11235000000,0,587,149.30524849735397,-34.80474229268928
11235000000,0,588,149.30485323743613,-34.804562742654134
11235000000,0,589,149.30456985749476,-34.804436172628954
11235000000,0,590,149.30416368757838,-34.804257732592866
11235000000,0,591,149.30399880761215,-34.80418677257823
11235000000,0,592,149.30348109771748,-34.803969732532316
11235000000,0,593,149.3031339077876,-34.80382809250154
11235000000,0,594,149.30243635792743,-34.8035520724398
11235000000,0,595,149.3020860279972,-34.803416802408805
11235000000,0,596,149.30179216805524,-34.803307572382835
11235000000,0,597,149.301320548148,-34.80313482234118
11235000000,0,598,149.3010235482059,-34.80303015231497
11235000000,0,599,149.30066694827528,-34.80290581228352
11235000000,0,600,149.30012951837884,-34.80272612223619
11235000000,0,601,149.2998293784364,-34.80262783220976
11235000000,0,602,149.29946977850506,-34.80251257217811
11235000000,0,603,149.299228228551,-34.802436672156865
11235000000,0,604,149.29898670859671,-34.802362562135635
11235000000,0,605,149.29868349865382,-34.80227154210899
11235000000,0,606,149.29831867872213,-34.802165382076964
11235000000,0,607,149.29801445877888,-34.802077992050265
11235000000,0,608,149.29703395896007,-34.801811591964295
11235000000,0,609,149.29641841907238,-34.80165586191043
11235000000,0,610,149.2959230791621,-34.801535831867106
11235000000,0,611,149.2951769792959,-34.80136531180193
11235000000,0,612,149.29467758938458,-34.801258001758356
11235000000,0,613,149.2943652194399,-34.80119238173111
11235000000,0,614,149.29398915950608,-34.80111619169833
11235000000,0,615,149.29361317957182,-34.801043621665585
11235000000,0,616,149.2932350696377,-34.800972871632645
11235000000,0,617,149.29197461985564,-34.80074851152299
11235000000,0,618,149.29001873019325,-34.80040589135287
11235000000,0,619,149.28907261035684,-34.800238051270576
11235000000,0,620,149.28875714041178,-34.80017880124311
11235000000,0,621,149.28838116047748,-34.80010620121036
11235000000,0,622,149.28806671053277,-34.80004332118295
11235000000,0,623,149.28763006061013,-34.79995108114488
11235000000,0,624,149.28744198064356,-34.79991027112848
11235000000,0,625,149.28713063069915,-34.7998410111013
11235000000,0,626,149.28669599077713,-34.79974151106335
11235000000,0,627,149.2865099908106,-34.79969796104709
11235000000,0,628,149.28613794087795,-34.799608151014574
11235000000,0,629,149.28576801094528,-34.799515590982224
11235000000,0,630,149.28539805101286,-34.79942121094985
11235000000,0,631,149.28484617111457,-34.799273300901504
11235000000,0,632,149.28441864119412,-34.799152920864024
11235000000,0,633,149.2840527712624,-34.799047630831936
11235000000,0,634,149.2838102613079,-34.798976220810644
11235000000,0,635,149.28350706136504,-34.798885170784025
11235000000,0,636,149.28326451141086,-34.79881106076272
11235000000,0,637,149.28278257150242,-34.798660060720366
11235000000,0,638,149.28254207154845,-34.798582300699216
11235000000,0,639,149.28224310160584,-34.7984839406729
11235000000,0,640,149.28170564170972,-34.798301470625596
11235000000,0,641,149.28135020177888,-34.79817706059426
11235000000,0,642,149.28075832189492,-34.79796309054204
11235000000,0,643,149.2804070819644,-34.79783139051104
11235000000,0,644,149.2801143120226,-34.797719370485176
11235000000,0,645,149.27964897211578,-34.79753559044402
11235000000,0,646,149.2792433121974,-34.79737239040812
11235000000,0,647,149.27901223224404,-34.79727822038767
11235000000,0,648,149.27849466234943,-34.797060180341816
11235000000,0,649,149.27820923240785,-34.7969372103165
11235000000,0,650,149.27786405247883,-34.796786450285886
11235000000,0,651,149.27285117353253,-34.794410829839975
11235000000,0,652,149.27244508361815,-34.79421613980385
11235000000,0,653,149.2698378841623,-34.79301096957219
11235000000,0,654,149.26050143613307,-34.7885168587416
11235000000,0,655,149.25963591631492,-34.78810686866466
11235000000,0,656,149.25965600635467,-34.78776659866406
11235000000,0,657,149.2598141164297,-34.78698141867224
11235000000,0,658,149.2598460164477,-34.78679988867375
11235010000,0,0,151.091554486337,-33.871172205906426
11235010000,0,1,151.0918262862897,-33.87123530593213
11235010000,0,2,151.09181175627853,-33.87133462593146
11235010000,0,3,151.09175157624338,-33.87166194592817
11235010000,0,4,151.09171157624996,-33.87165573592441
11235010000,0,5,151.0916247062015,-33.87211167591954
11235010000,0,6,151.09137797624246,-33.87206951589631
11235010000,0,7,151.09122098625738,-33.872125865882126
11235010000,0,8,151.09103560635802,-33.87157119586099
11235010000,0,9,151.09088766643345,-33.87116499584441
11235010000,0,10,151.09090635644972,-33.871023075845144
11235010000,0,11,151.091554486337,-33.871172205906426
11235020000,0,0,150.97330732163786,-33.808165344504175
11235020000,0,1,150.97330539163727,-33.808171834504044
11235020000,0,2,150.9733448516302,-33.80818265450777
11235020000,0,3,150.97335791162655,-33.80819625450907
11235020000,0,4,150.97336379162343,-33.80821321450973
11235020000,0,5,150.97313851156656,-33.80888459449362
11235020000,0,6,150.97293597151545,-33.80948810447913
11235020000,0,7,150.97289444150496,-33.80961189447615
11235020000,0,8,150.97227346161296,-33.80946694441772
11235020000,0,9,150.97242946165284,-33.808998304428854
11235020000,0,10,150.97248348166738,-33.80883030443266
11235020000,0,11,150.97242162167817,-33.80881557442686
11235020000,0,12,150.9724800516932,-33.80863949443101
11235020000,0,13,150.9725030817143,-33.80845552443186
11235020000,0,14,150.97261616174464,-33.80810515443985
11235020000,0,15,150.97264270175202,-33.80802074444171
11235020000,0,16,150.97328257164148,-33.80816468450188
11235020000,0,17,150.97330732163786,-33.808165344504175
11235030000,0,0,153.55017186762095,-28.852507169041942
11235030000,0,1,153.55027987762594,-28.852376729052004
11235030000,0,2,153.55095296765617,-28.851569109114724
11235030000,0,3,153.55147874767488,-28.850975699164
11235030000,0,4,153.55153561768404,-28.850857509168907
11235030000,0,5,153.55191280770174,-28.85039949920401
11235030000,0,6,153.55129740783562,-28.8499155091372
11235030000,0,7,153.55065548797663,-28.84940084906743
11235030000,0,8,153.55071166797887,-28.84933560907269
11235030000,0,9,153.5508720679952,-28.849074529087098
11235030000,0,10,153.5509605780094,-28.848890819094734
11235030000,0,11,153.55112482798074,-28.84896621911216
11235030000,0,12,153.55138086792616,-28.849158989139884
11235030000,0,13,153.55166060786595,-28.849373859170214
11235030000,0,14,153.55246429769284,-28.849992449257382
11235030000,0,15,153.55302868757084,-28.8504297193186
11235030000,0,16,153.55284635756846,-28.850604649301264
11235030000,0,17,153.5526163675646,-28.850831639279466
11235030000,0,18,153.5525471575639,-28.850896439272862
11235030000,0,19,153.55253644755308,-28.850987459272474
11235030000,0,20,153.5521021975331,-28.851512209232045
11235030000,0,21,153.55162843750972,-28.85209619918803
11235030000,0,22,153.55151155750443,-28.85223663917713
11235030000,0,23,153.55096456747881,-28.852900539126228
11235030000,0,24,153.55090160747702,-28.852968459120298
11235030000,0,25,153.5508657874853,-28.852936499116385
11235030000,0,26,153.55061378754598,-28.85269449908869
11235030000,0,27,153.55053381755056,-28.852728509080755
11235030000,0,28,153.55046979755085,-28.8527815090746
11235030000,0,29,153.55017186762095,-28.852507169041942
11235040000,0,0,150.9078875517826,-33.65071614735798
11235040000,0,1,150.90782304182832,-33.65043862735009
11235040000,0,2,150.9077962018527,-33.65028294734651
11235040000,0,3,150.90776668188943,-33.65003601734206
11235040000,0,4,150.907731461954,-33.64958411733563
11235040000,0,5,150.90772194201244,-33.64915105733169
11235040000,0,6,150.90773756203265,-33.64898091733195
11235040000,0,7,150.9078386621506,-33.6479770173342
11235040000,0,8,150.90789274221947,-33.647396317335094
11235040000,0,9,150.90784881224465,-33.64725243733004
11235040000,0,10,150.9091311621292,-33.64674607744469
11235040000,0,11,150.909138712118,-33.646822747445924
11235040000,0,12,150.9088526217868,-33.649643847439414
11235040000,0,13,150.9089666916918,-33.65024187745414
11235040000,0,14,150.9088349317066,-33.6502714974422
11235040000,0,15,150.9078875517826,-33.65071614735798
11235050000,0,0,150.90577286206425,-33.65085907716405
11235050000,0,1,150.90608901200068,-33.65100081719419
11235050000,0,2,150.9061309019924,-33.651018527198175
11235050000,0,3,150.90650519191837,-33.651176727233796
11235050000,0,4,150.90660986189923,-33.651208937243666
11235050000,0,5,150.90670111188416,-33.65122504725219
11235050000,0,6,150.90682726186904,-33.65120356726367
11235050000,0,7,150.90693462185908,-33.6511633072733
11235050000,0,8,150.9078875517826,-33.65071614735798
11235050000,0,9,150.90794251174586,-33.6509356673646
11235050000,0,10,150.90800438171638,-33.651092717371405
11235050000,0,11,150.90810907167452,-33.6512973473825
11235050000,0,12,150.90817094165072,-33.651411567389
11235050000,0,13,150.90802341165787,-33.651516267376145
11235050000,0,14,150.90674139174465,-33.65223994726305
11235050000,0,15,150.9066338117738,-33.65213492725239
11235050000,0,16,150.90656719178762,-33.652101607246024
11235050000,0,17,150.90587080192265,-33.65182794717989
11235050000,0,18,150.90534535203025,-33.65157827712971
11235050000,0,19,150.90577286206425,-33.65085907716405
11235060000,0,0,150.9026955729238,-33.64765529685783
11235060000,0,1,150.9032232729684,-33.6467475669001
11235060000,0,2,150.90329713296998,-33.646656086906255
11235060000,0,3,150.9033580829604,-33.64666279691193
11235060000,0,4,150.9033934629545,-33.646669616915226
11235060000,0,5,150.90346300294217,-33.646688146921775
11235060000,0,6,150.90351365293233,-33.64670816692658
11235060000,0,7,150.9036290229088,-33.64676244693759
11235060000,0,8,150.90370643289188,-33.646807286945055
11235060000,0,9,150.90379129287282,-33.64686021695325
11235060000,0,10,150.90391225284608,-33.6469329969649
11235060000,0,11,150.90390494284543,-33.64694574696431
11235060000,0,12,150.90414562279267,-33.6470866869875
11235060000,0,13,150.9048980326561,-33.64731187705844
11235060000,0,14,150.90490165265544,-33.64731295705877
11235060000,0,15,150.9048982626551,-33.64731870705851
11235060000,0,16,150.9041288325924,-33.64862451699677
11235060000,0,17,150.90412828259232,-33.648625456996726
11235060000,0,18,150.90408729260025,-33.64860962699284
11235060000,0,19,150.90329273275003,-33.648329876917636
11235060000,0,20,150.9026199128814,-33.64805863685371
11235060000,0,21,150.90248108290734,-33.648011076840575
11235060000,0,22,150.90249948290855,-33.64798213684206
11235060000,0,23,150.9025708029132,-33.647869926847854
11235060000,0,24,150.9026955729238,-33.64765529685783
11235070000,0,0,150.90402463214676,-33.65211821701175
11235070000,0,1,150.90380581219077,-33.65202038699089
11235070000,0,2,150.9024737824512,-33.65148039686432
11235070000,0,3,150.90341183253125,-33.64986160693938
11235070000,0,4,150.90357569250008,-33.64992159695491
11235070000,0,5,150.90429901235706,-33.65022666702373
11235070000,0,6,150.9048379622513,-33.65044795707497
11235070000,0,7,150.90498413222295,-33.65050546708885
11235070000,0,8,150.90403538214775,-33.652099257012615
11235070000,0,9,150.90402463214676,-33.65211821701175
11235080000,0,0,150.90577286206425,-33.65085907716405
11235080000,0,1,150.90534535203025,-33.65157827712971
11235080000,0,2,150.90587080192265,-33.65182794717989
11235080000,0,3,150.90656719178762,-33.652101607246024
11235080000,0,4,150.9066338117738,-33.65213492725239
11235080000,0,5,150.90674139174465,-33.65223994726305
11235080000,0,6,150.90583566180598,-33.65275120718316
11235080000,0,7,150.90567627182298,-33.65279393716877
11235080000,0,8,150.90484412198583,-33.652455657089675
11235080000,0,9,150.90413051212548,-33.65216555702185
11235080000,0,10,150.90402463214676,-33.65211821701175
11235080000,0,11,150.90403538214775,-33.652099257012615
11235080000,0,12,150.90498413222295,-33.65050546708885
11235080000,0,13,150.90577286206425,-33.65085907716405
11235090000,0,0,150.90402463214676,-33.65211821701175
11235090000,0,1,150.90413051212548,-33.65216555702185
11235090000,0,2,150.90484412198583,-33.652455657089675
11235090000,0,3,150.90479019198168,-33.65254551708532
11235090000,0,4,150.90473031197806,-33.65263765708045
11235090000,0,5,150.90386180190464,-33.65413098701091
11235090000,0,6,150.9036376419214,-33.654245716991056
11235090000,0,7,150.9034843119384,-33.654281896977174
11235090000,0,8,150.9029955420152,-33.65422634693174
11235090000,0,9,150.90284360204168,-33.654189106917464
11235090000,0,10,150.90291298205227,-33.654034116922766
11235090000,0,11,150.90391177213658,-33.65231715700275
11235090000,0,12,150.90402463214676,-33.65211821701175
11235100000,0,0,152.04321410187598,-32.768387228282954
11235100000,0,1,152.0430537619024,-32.76835318826721
11235100000,0,2,152.04237304202078,-32.76816224820005
11235100000,0,3,152.04101674225583,-32.767787488066276
11235100000,0,4,152.03954624250935,-32.7673913079213
11235100000,0,5,152.03868963265617,-32.76716644783692
11235100000,0,6,152.0383469927134,-32.76708792780324
11235100000,0,7,152.03818281274343,-32.76703081778695
11235100000,0,8,152.0379900727875,-32.76689875776739
11235100000,0,9,152.03714418297784,-32.76634196768164
11235100000,0,10,152.03676227305968,-32.766120667643136
11235100000,0,11,152.03659452309216,-32.766049287626416
11235100000,0,12,152.0363161231377,-32.7659921775991
11235100000,0,13,152.03543453327393,-32.76587083751305
11235100000,0,14,152.0350883233268,-32.765827997479285
11235100000,0,15,152.03490629335153,-32.765827997461706
11235100000,0,16,152.0347668233661,-32.765860297448455
11235100000,0,17,152.03477423334454,-32.76601240745027
11235100000,0,18,152.03475044331748,-32.76623607744957
11235100000,0,19,152.03471713329043,-32.76646925744804
11235100000,0,20,152.03467906327884,-32.76659299744525
11235100000,0,21,152.03458864326282,-32.76680238743802
11235100000,0,22,152.03453629324545,-32.76698322743427
11235100000,0,23,152.03451177322518,-32.767157757433154
11235100000,0,24,152.03453619319987,-32.76731998743668
11235100000,0,25,152.03467464316697,-32.7674241774508
11235100000,0,26,152.0348821531156,-32.76759518747209
11235100000,0,27,152.03546225298234,-32.76799740753103
11235100000,0,28,152.0356614529371,-32.76813152755124
11235100000,0,29,152.03588663288633,-32.76828058757407
11235100000,0,30,152.0361289528292,-32.76845923759877
11235100000,0,31,152.0363103927824,-32.768622667617464
11235100000,0,32,152.03643124273532,-32.76884932763077
11235100000,0,33,152.03653256269416,-32.76905159764202
11235100000,0,34,152.036682502634,-32.769345487658626
11235100000,0,35,152.03733725254,-32.76938234772215
11235100000,0,36,152.03731056242583,-32.770252587725835
11235100000,0,37,152.03716705233518,-32.771066477717824
11235100000,0,38,152.03584148254188,-32.770870397588325
11235100000,0,39,152.03528945257793,-32.77115838753706
11235100000,0,40,152.0349494525517,-32.771693387508066
11235100000,0,41,152.0343839625583,-32.77221253745716
11235100000,0,42,152.03110067293247,-32.77274555714379
11235100000,0,43,152.0210143445005,-32.77129135615911
11235100000,0,44,152.0213375446569,-32.769810546179684
11235100000,0,45,152.0216212248042,-32.7684367161972
11235100000,0,46,152.02177927489126,-32.76763424620668
11235100000,0,47,152.02184730493218,-32.767263266210584
11235100000,0,48,152.0231573655983,-32.761022746292205
11235100000,0,49,152.02319364561802,-32.7608409562944
11235100000,0,50,152.02401376601793,-32.75706067634642
11235100000,0,51,152.02536057670972,-32.75059344642997
11235100000,0,52,152.0256088867647,-32.74993771644922
11235100000,0,53,152.02569444672136,-32.75017238645919
11235100000,0,54,152.02570747669222,-32.75037439646189
11235100000,0,55,152.0257554766784,-32.75042839646693
11235100000,0,56,152.02595647659294,-32.75085838648942
11235100000,0,57,152.02639546646216,-32.75138437653561
11235100000,0,58,152.0265974563855,-32.751748386557736
11235100000,0,59,152.02684846630757,-32.75207239658431
11235100000,0,60,152.0271004662478,-32.75226138661002
11235100000,0,61,152.02739844617255,-32.75251839664065
11235100000,0,62,152.02772946609824,-32.75273537667418
11235100000,0,63,152.02815746602332,-32.752859386716416
11235100000,0,64,152.02858546595922,-32.75290337675806
11235100000,0,65,152.0288704559129,-32.752959376786
11235100000,0,66,152.0290614658905,-32.75293338680427
11235100000,0,67,152.0290914658737,-32.75302738680783
11235100000,0,68,152.02904244586034,-32.75317538680418
11235100000,0,69,152.02939149581076,-32.753191386838
11235100000,0,70,152.02975645576268,-32.75318037687319
11235100000,0,71,152.03001746570732,-32.75332737689945
11235100000,0,72,152.0301924856584,-32.753513376917695
11235100000,0,73,152.0304094756038,-32.753699376940006
11235100000,0,74,152.03066647553732,-32.75393238696651
11235100000,0,75,152.03092244546335,-32.75422239699332
11235100000,0,76,152.03098847541983,-32.75447739700154
11235100000,0,77,152.03108045537138,-32.75474338701233
11235100000,0,78,152.03130945529168,-32.75510237703703
11235100000,0,79,152.03155149521956,-32.7553923870625
11235100000,0,80,152.03183549514313,-32.75567238709197
11235100000,0,81,152.0321324650604,-32.755985387122905
11235100000,0,82,152.0324864749885,-32.756161397158365
11235100000,0,83,152.03281147491742,-32.75636037719121
11235100000,0,84,152.03305547486372,-32.756512397215864
11235100000,0,85,152.03335444479941,-32.75668738724601
11235100000,0,86,152.0335044547758,-32.75671138726067
11235100000,0,87,152.03374944473126,-32.75679438728494
11235100000,0,88,152.0340904646752,-32.756866397318404
11235100000,0,89,152.03447247461978,-32.75689238735551
11235100000,0,90,152.03477246456782,-32.7569753973851
11235100000,0,91,152.0350024545083,-32.7571843874088
11235100000,0,92,152.0352584644405,-32.7574283874353
11235100000,0,93,152.0353524943994,-32.757637377445896
11235100000,0,94,152.0344415544109,-32.75846719736384
11235100000,0,95,152.03376437407076,-32.76166048732139
11235100000,0,96,152.03356457397254,-32.762586687308755
11235100000,0,97,152.04058637286954,-32.76368637799519
11235100000,0,98,152.04145977273282,-32.76381976808054
11235100000,0,99,152.04386304235481,-32.764199668315555
11235100000,0,100,152.0440798923205,-32.76423532833677
11235100000,0,101,152.04324349188946,-32.76825837828487
11235100000,0,102,152.04321410187598,-32.768387228282954
11235110000,0,0,150.69000292236652,-33.80669382846007
11235110000,0,1,150.69078560229994,-33.806346568529094
11235110000,0,2,150.6909446022868,-33.80627293854311
11235110000,0,3,150.69112854227356,-33.806173218559216
11235110000,0,4,150.69122384226918,-33.80610229856741
11235110000,0,5,150.6912947522689,-33.80602695857336
11235110000,0,6,150.69134351227007,-33.805964898577386
11235110000,0,7,150.69138118227772,-33.805865178580135
11235110000,0,8,150.6914122022858,-33.805769888582304
11235110000,0,9,150.691432152298,-33.8056546485833
11235110000,0,10,150.69149310235022,-33.80518984858562
11235110000,0,11,150.69150076236693,-33.805053928585366
11235110000,0,12,150.69177779232416,-33.805077568610834
11235110000,0,13,150.69225536223934,-33.80520286865533
11235110000,0,14,150.69245465220746,-33.805228218673705
11235110000,0,15,150.69254498219527,-33.80522249868193
11235110000,0,16,150.6925609322031,-33.805145448682836
11235110000,0,17,150.69578852174484,-33.80511526897745
11235110000,0,18,150.6958725117397,-33.80506226898476
11235110000,0,19,150.69611257170249,-33.80508417900685
11235110000,0,20,150.69607607169442,-33.80518534900422
11235110000,0,21,150.69586583162464,-33.80594747899037
11235110000,0,22,150.69567468156936,-33.80657791897732
11235110000,0,23,150.6953996115021,-33.80739169895789
11235110000,0,24,150.6952257614495,-33.80798280894615
11235110000,0,25,150.69494818137528,-33.808852028926886
11235110000,0,26,150.6948106913595,-33.80912299891623
11235110000,0,27,150.69457690139544,-33.80910403889474
11235110000,0,28,150.691840671839,-33.80871041864204
11235110000,0,29,150.69187649185713,-33.80853271864406
11235110000,0,30,150.6917485118779,-33.80851419863225
11235110000,0,31,150.69167706188975,-33.80850178862563
11235110000,0,32,150.69159459190388,-33.80848418861799
11235110000,0,33,150.69154795191207,-33.808472628613636
11235110000,0,34,150.69150172192036,-33.808459988609336
11235110000,0,35,150.6914559219287,-33.80844627860505
11235110000,0,36,150.69141060193718,-33.808431518600806
11235110000,0,37,150.69133254195205,-33.80840316859347
11235110000,0,38,150.69125622196708,-33.80837168858629
11235110000,0,39,150.69121347197577,-33.80835230858224
11235110000,0,40,150.6911713719845,-33.80833194857824
11235110000,0,41,150.69118519198273,-33.80833014857951
11235110000,0,42,150.69120207198083,-33.80832632858101
11235110000,0,43,150.69090762206048,-33.808040178552126
11235110000,0,44,150.69007778233762,-33.80683259846787
11235110000,0,45,150.69000292236652,-33.80669382846007
11235120000,0,0,150.74199628042197,-34.06850820504449
11235120000,0,1,150.74131196057144,-34.06812647497919
11235120000,0,2,150.7420786105995,-34.067074965042046
11235120000,0,3,150.74215134059892,-34.06699962504817
11235120000,0,4,150.74223222060596,-34.066858015054585
11235120000,0,5,150.7429748404571,-34.06717157512475
11235120000,0,6,150.7428509004523,-34.06734322511461
11235120000,0,7,150.74281663044857,-34.06740889511193
11235120000,0,8,150.74233256043448,-34.06804559507206
11235120000,0,9,150.74199628042197,-34.06850820504449
11235130000,0,0,150.7442686201597,-34.06800548524902
11235130000,0,1,150.7437176502922,-34.0676058151958
11235130000,0,2,150.74359670032132,-34.06751807518411
11235130000,0,3,150.7429748404571,-34.06717157512475
11235130000,0,4,150.74223222060596,-34.066858015054585
11235130000,0,5,150.74090646086063,-34.066382264929906
11235130000,0,6,150.741151480849,-34.06620228495108
11235130000,0,7,150.74432549035112,-34.0664952652437
11235130000,0,8,150.74469647012265,-34.067817275286885
11235130000,0,9,150.74532518993965,-34.06851387534929
11235130000,0,10,150.74516570994183,-34.0686718153358
11235130000,0,11,150.74492655999993,-34.06849376531267
11235130000,0,12,150.74435087013987,-34.06806515525697
11235130000,0,13,150.7442686201597,-34.06800548524902
11235140000,0,0,151.0859122605421,-33.77071030467716
11235140000,0,1,151.08550893056866,-33.770942724641344
11235140000,0,2,151.085430790568,-33.7710310546347
11235140000,0,3,151.08523997062412,-33.77081420461544
11235140000,0,4,151.08510342066475,-33.77065556460164
11235140000,0,5,151.0849738407026,-33.77051002458858
11235140000,0,6,151.08492249071796,-33.77044983458338
11235140000,0,7,151.0850391107101,-33.770383724593756
11235140000,0,8,151.08544337068395,-33.77014728462965
11235140000,0,9,151.0859122605421,-33.77071030467716
11235150000,0,0,150.90567627182298,-33.65279393716877
11235150000,0,1,150.90583566180598,-33.65275120718316
11235150000,0,2,150.90674139174465,-33.65223994726305
11235150000,0,3,150.90802341165787,-33.651516267376145
11235150000,0,4,150.90817094165072,-33.651411567389
11235150000,0,5,150.90810907167452,-33.6512973473825
11235150000,0,6,150.90800438171638,-33.651092717371405
11235150000,0,7,150.90794251174586,-33.6509356673646
11235150000,0,8,150.9078875517826,-33.65071614735798
11235150000,0,9,150.9088349317066,-33.6502714974422
11235150000,0,10,150.9089666916918,-33.65024187745414
11235150000,0,11,150.90904764162434,-33.65066633746459
11235150000,0,12,150.90924712154504,-33.6510527174857
11235150000,0,13,150.91087764104552,-33.65308436765034
11235150000,0,14,150.91210262071067,-33.654303787771866
11235150000,0,15,150.91231359064298,-33.65458970779333
11235150000,0,16,150.91236549062603,-33.654662287798615
11235150000,0,17,150.91284207047337,-33.655306287847104
11235150000,0,18,150.9133055903031,-33.65609797789541
11235150000,0,19,150.91325285029257,-33.656234787891506
11235150000,0,20,150.91308725029646,-33.656383817877284
11235150000,0,21,150.9129358803002,-33.65651864786428
11235150000,0,22,150.9128034203078,-33.65660380785267
11235150000,0,23,150.91269669031686,-33.65664995784316
11235150000,0,24,150.912325560357,-33.6567457378096
11235150000,0,25,150.9118169704146,-33.6568569177635
11235150000,0,26,150.9116679804311,-33.65689240775
11235150000,0,27,150.91165152044348,-33.65681629774796
11235150000,0,28,150.91178551074327,-33.654398287743284
11235150000,0,29,150.91104649083115,-33.654528287676065
11235150000,0,30,150.91027138092358,-33.654662597605544
11235150000,0,31,150.90901249117007,-33.654150147485865
11235150000,0,32,150.90567627182298,-33.65279393716877
11235160000,0,0,150.7387466910108,-34.06761014474077
11235160000,0,1,150.73949760084963,-34.06800756481226
11235160000,0,2,150.7401685407052,-34.0683659248762
11235160000,0,3,150.73950396068508,-34.06924519482149
11235160000,0,4,150.73916613067007,-34.06972899479394
11235160000,0,5,150.739052220667,-34.06987677478455
11235160000,0,6,150.73900932066766,-34.06991870478091
11235160000,0,7,150.73833555078892,-34.06973903471799
11235160000,0,8,150.73741610097062,-34.06937046463126
11235160000,0,9,150.7387466910108,-34.06761014474077
11235170000,0,0,150.7437176502922,-34.0676058151958
11235170000,0,1,150.74351773029514,-34.06780254517885
11235170000,0,2,150.74298532028251,-34.068480685134844
11235170000,0,3,150.7429120302798,-34.06858136512884
11235170000,0,4,150.74285148027394,-34.068691865124066
11235170000,0,5,150.74218820024961,-34.06960200506968
11235170000,0,6,150.74211369024295,-34.06973396506379
11235170000,0,7,150.74199363026472,-34.069700735052564
11235170000,0,8,150.74141399036893,-34.06954654499843
11235170000,0,9,150.7412815503986,-34.06946728498575
11235170000,0,10,150.74156389041067,-34.069066855008806
11235170000,0,11,150.74199628042197,-34.06850820504449
11235170000,0,12,150.74233256043448,-34.06804559507206
11235170000,0,13,150.74281663044857,-34.06740889511193
11235170000,0,14,150.7428509004523,-34.06734322511461
11235170000,0,15,150.7429748404571,-34.06717157512475
11235170000,0,16,150.74359670032132,-34.06751807518411
11235170000,0,17,150.7437176502922,-34.0676058151958
11235180000,0,0,151.08814252005024,-33.772015854893546
11235180000,0,1,151.08800139006505,-33.772055274880714
11235180000,0,2,151.08711059017085,-33.77221462479906
11235180000,0,3,151.08698279025438,-33.77172447478374
11235180000,0,4,151.0871580802333,-33.77169504479982
11235180000,0,5,151.08798247013686,-33.7715365548753
11235180000,0,6,151.08827804010187,-33.771482904902385
11235180000,0,7,151.08843434007647,-33.77150611491709
11235180000,0,8,151.0885708800551,-33.77152078492986
11235180000,0,9,151.08853814005573,-33.77155077492703
11235180000,0,10,151.08844810005664,-33.7716402049193
11235180000,0,11,151.08832849005708,-33.77176513490905
11235180000,0,12,151.08822286005423,-33.77189959490019
11235180000,0,13,151.08818869005333,-33.77194308489732
11235180000,0,14,151.08814252005024,-33.772015854893546
11235190000,0,0,151.0686176514515,-33.78240474315323
11235190000,0,1,151.0685283514685,-33.782372863144715
11235190000,0,2,151.06852710146728,-33.78238335314467
11235190000,0,3,151.06831815150434,-33.78232880312489
11235190000,0,4,151.0681947915154,-33.78237787311378
11235190000,0,5,151.06800846158092,-33.782085753094435
11235190000,0,6,151.06894506150118,-33.78168074317853
11235190000,0,7,151.06910573144495,-33.78193093319521
11235190000,0,8,151.06914293143112,-33.78199485319911
11235190000,0,9,151.06904499144,-33.78203322319029
11235190000,0,10,151.06893053144987,-33.78208184318001
11235190000,0,11,151.068814561458,-33.78214487316968
11235190000,0,12,151.06867273146378,-33.78225354315729
11235190000,0,13,151.0686176514515,-33.78240474315323
11235200000,0,0,151.06914293143112,-33.78199485319911
11235200000,0,1,151.06910573144495,-33.78193093319521
11235200000,0,2,151.06894506150118,-33.78168074317853
11235200000,0,3,151.0704961213692,-33.78101003331782
11235200000,0,4,151.0706542013132,-33.78126113333427
11235200000,0,5,151.07065562130097,-33.781351703335034
11235200000,0,6,151.07059785130724,-33.781366523329766
11235200000,0,7,151.07001939135418,-33.78163364327794
11235200000,0,8,151.06995161135723,-33.78168343327199
11235200000,0,9,151.0698739413678,-33.78168709326482
11235200000,0,10,151.06980189137423,-33.78171595325833
11235200000,0,11,151.06921030142504,-33.781968463205175
11235200000,0,12,151.06914293143112,-33.78199485319911
11235210000,0,0,151.07848739190118,-33.76845474397165
11235210000,0,1,151.07876001174196,-33.76935836400333
11235210000,0,2,151.0782599618083,-33.76939598395715
11235210000,0,3,151.07815805181505,-33.7694539839481
11235210000,0,4,151.07804932182847,-33.76946969393811
11235210000,0,5,151.0774830618941,-33.76958335388631
11235210000,0,6,151.07746937190154,-33.769542233884756
11235210000,0,7,151.07742177192904,-33.76938641387924
11235210000,0,8,151.07737042195876,-33.769218293873294
11235210000,0,9,151.07721779204672,-33.768721083855624
11235210000,0,10,151.0775684020065,-33.76864755388768
11235210000,0,11,151.07751767203547,-33.768484453881825
11235210000,0,12,151.0778695219948,-33.76841281391398
11235210000,0,13,151.07792034196586,-33.76857590391985
11235210000,0,14,151.0780987619457,-33.76853627393612
11235210000,0,15,151.07848739190118,-33.76845474397165
11235220000,0,0,150.73294422278747,-34.06051601416026
11235220000,0,1,150.7329411127868,-34.06052478416004
11235220000,0,2,150.73269246272991,-34.061227284142184
11235220000,0,3,150.73257971270843,-34.061513434133865
11235220000,0,4,150.73217047261974,-34.06263328410422
11235220000,0,5,150.72947737309772,-34.06196342385313
11235220000,0,6,150.72951440311425,-34.06179778385537
11235220000,0,7,150.7295587031383,-34.0615672738578
11235220000,0,8,150.7295719531455,-34.06149836385855
11235220000,0,9,150.72995997307757,-34.06158750389467
11235220000,0,10,150.73013864304593,-34.061631263911316
11235220000,0,11,150.7302990430851,-34.0611592039227
11235220000,0,12,150.73039719310512,-34.06090044392988
11235220000,0,13,150.73068570316747,-34.06011223395078
11235220000,0,14,150.73074133318025,-34.05995489395478
11235220000,0,15,150.7308939031527,-34.05999624396903
11235220000,0,16,150.73142928305757,-34.06013008401895
11235220000,0,17,150.73176754300022,-34.060193844050346
11235220000,0,18,150.73236024289974,-34.06030557410534
11235220000,0,19,150.73271122283327,-34.06042454413831
11235220000,0,20,150.73294422278747,-34.06051601416026
11235230000,0,0,150.9064182121413,-33.64957909721453
11235230000,0,1,150.90626628217072,-33.6495194172001
11235230000,0,2,150.90513186239411,-33.649047647092196
11235230000,0,3,150.9041472625889,-33.64863111699851
11235230000,0,4,150.9041288325924,-33.64862451699677
11235230000,0,5,150.9048982626551,-33.64731870705851
11235230000,0,6,150.90536744256931,-33.64746423710278
11235230000,0,7,150.9057845724936,-33.647589037142104
11235230000,0,8,150.9061840924223,-33.64769896717972
11235230000,0,9,150.9062355024134,-33.64771127718454
11235230000,0,10,150.90646009237543,-33.64775738720558
11235230000,0,11,150.90645438228165,-33.64847501721009
11235230000,0,12,150.90642880218238,-33.649255797213215
11235230000,0,13,150.9064182121413,-33.64957909721453
11235240000,0,0,150.8993892540013,-33.64304228652065
11235240000,0,1,150.89951561400582,-33.6428716665311
11235240000,0,2,150.90012465405965,-33.64180625657973
11235240000,0,3,150.8988482143126,-33.641262846458254
11235240000,0,4,150.89872839433787,-33.64120032644678
11235240000,0,5,150.8986682943508,-33.641166866441
11235240000,0,6,150.8986779643513,-33.64115263644181
11235240000,0,7,150.89885538435396,-33.64094112645667
11235240000,0,8,150.89911953436814,-33.64054840647823
11235240000,0,9,150.89928513433327,-33.6406346064941
11235240000,0,10,150.90051760409187,-33.64113797661123
11235240000,0,11,150.9011992839599,-33.64140474667593
11235240000,0,12,150.90135716392743,-33.64148088669102
11235240000,0,13,150.90050071385713,-33.64293829662235
11235240000,0,14,150.90048167385322,-33.64298825662095
11235240000,0,15,150.90046264384307,-33.64308581661988
11235240000,0,16,150.900437573836,-33.643166566618135
11235240000,0,17,150.90030061385764,-33.6431503366054
11235240000,0,18,150.89995827391158,-33.643109746573565
11235240000,0,19,150.8993892540013,-33.64304228652065
11235250000,0,0,150.900437573836,-33.643166566618135
11235250000,0,1,150.90046264384307,-33.64308581661988
11235250000,0,2,150.90048167385322,-33.64298825662095
11235250000,0,3,150.90050071385713,-33.64293829662235
11235250000,0,4,150.90135716392743,-33.64148088669102
11235250000,0,5,150.90147567390605,-33.6415155967022
11235250000,0,6,150.90210192378336,-33.64177136676171
11235250000,0,7,150.9027996536467,-33.64205634682803
11235250000,0,8,150.9029757236104,-33.64214194684486
11235250000,0,9,150.9027544935916,-33.64252306682716
11235250000,0,10,150.90230596355502,-33.64328448679116
11235250000,0,11,150.90212841354077,-33.64358412677692
11235250000,0,12,150.90211513353972,-33.64360653677584
11235250000,0,13,150.90197385356683,-33.64355308676244
11235250000,0,14,150.90170644361916,-33.64344437673703
11235250000,0,15,150.90160127363941,-33.64340409672706
11235250000,0,16,150.9015251436537,-33.64337725671987
11235250000,0,17,150.901448203668,-33.64335205671258
11235250000,0,18,150.90137053368213,-33.64332850670527
11235250000,0,19,150.90127640369894,-33.643302446696396
11235250000,0,20,150.90118136371552,-33.64327881668747
11235250000,0,21,150.90110154372923,-33.64326098667999
11235250000,0,22,150.9010050737455,-33.64324185667096
11235250000,0,23,150.90092417375882,-33.64322781666342
11235250000,0,24,150.90085915376937,-33.64321782665735
11235250000,0,25,150.9007939137798,-33.64320894665128
11235250000,0,26,150.900437573836,-33.643166566618135
11235260000,0,0,150.90567627182298,-33.65279393716877
11235260000,0,1,150.90901249117007,-33.654150147485865
11235260000,0,2,150.91027138092358,-33.654662597605544
11235260000,0,3,150.91104649083115,-33.654528287676065
11235260000,0,4,150.91178551074327,-33.654398287743284
11235260000,0,5,150.91165152044348,-33.65681629774796
11235260000,0,6,150.9116679804311,-33.65689240775
11235260000,0,7,150.9118169704146,-33.6568569177635
11235260000,0,8,150.912325560357,-33.6567457378096
11235260000,0,9,150.91269669031686,-33.65664995784316
11235260000,0,10,150.9128034203078,-33.65660380785267
11235260000,0,11,150.9129358803002,-33.65651864786428
11235260000,0,12,150.91308725029646,-33.656383817877284
11235260000,0,13,150.91325285029257,-33.656234787891506
11235260000,0,14,150.9133055903031,-33.65609797789541
11235260000,0,15,150.91339403014825,-33.65717696791117
11235260000,0,16,150.9136300699575,-33.65836927794131
11235260000,0,17,150.91372186988275,-33.658836957953085
11235260000,0,18,150.90883821058105,-33.65880620750256
11235260000,0,19,150.90463633123085,-33.6584077971124
11235260000,0,20,150.90356932139622,-33.65830384701331
11235260000,0,21,150.90249031156384,-33.6581958369131
11235260000,0,22,150.90263153168218,-33.65714553691873
11235260000,0,23,150.9013070218528,-33.65727971679759
11235260000,0,24,150.8992694022481,-33.65647781660415
11235260000,0,25,150.89933211226344,-33.656294036608635
11235260000,0,26,150.89703316266275,-33.65574310639292
11235260000,0,27,150.89712773268536,-33.6554697563997
11235260000,0,28,150.89723497271098,-33.6551597864074
11235260000,0,29,150.89744280276022,-33.654561736422345
11235260000,0,30,150.90006791237124,-33.65468205666511
11235260000,0,31,150.90053741228726,-33.6548129467093
11235260000,0,32,150.9024737824512,-33.65148039686432
11235260000,0,33,150.90380581219077,-33.65202038699089
11235260000,0,34,150.90402463214676,-33.65211821701175
11235260000,0,35,150.90391177213658,-33.65231715700275
11235260000,0,36,150.90291298205227,-33.654034116922766
11235260000,0,37,150.90284360204168,-33.654189106917464
11235260000,0,38,150.9029955420152,-33.65422634693174
11235260000,0,39,150.9034843119384,-33.654281896977174
11235260000,0,40,150.9036376419214,-33.654245716991056
11235260000,0,41,150.90386180190464,-33.65413098701091
11235260000,0,42,150.90473031197806,-33.65263765708045
11235260000,0,43,150.90479019198168,-33.65254551708532
11235260000,0,44,150.90484412198583,-33.652455657089675
11235260000,0,45,150.90567627182298,-33.65279393716877
11235270000,0,0,150.90577286206425,-33.65085907716405
11235270000,0,1,150.90498413222295,-33.65050546708885
11235270000,0,2,150.9048379622513,-33.65044795707497
11235270000,0,3,150.90429901235706,-33.65022666702373
11235270000,0,4,150.90357569250008,-33.64992159695491
11235270000,0,5,150.90341183253125,-33.64986160693938
11235270000,0,6,150.9041204025917,-33.64863883699609
11235270000,0,7,150.90412828259232,-33.648625456996726
11235270000,0,8,150.9041288325924,-33.64862451699677
11235270000,0,9,150.9041472625889,-33.64863111699851
11235270000,0,10,150.90513186239411,-33.649047647092196
11235270000,0,11,150.90626628217072,-33.6495194172001
11235270000,0,12,150.9064182121413,-33.64957909721453
11235270000,0,13,150.90629276204757,-33.650425247208915
11235270000,0,14,150.90614283199602,-33.65097811719899
11235270000,0,15,150.9061309019924,-33.651018527198175
11235270000,0,16,150.90608901200068,-33.65100081719419
11235270000,0,17,150.90577286206425,-33.65085907716405
11235280000,0,0,150.90642880218238,-33.649255797213215
11235280000,0,1,150.90645438228165,-33.64847501721009
11235280000,0,2,150.90646009237543,-33.64775738720558
11235280000,0,3,150.90648870237092,-33.647760677208225
11235280000,0,4,150.90653441236478,-33.64775776721242
11235280000,0,5,150.9065598923619,-33.64775230721474
11235280000,0,6,150.9066463223534,-33.647723907222506
11235280000,0,7,150.90713956230852,-33.647532487266616
11235280000,0,8,150.90784881224465,-33.64725243733004
11235280000,0,9,150.90789274221947,-33.647396317335094
11235280000,0,10,150.9078386621506,-33.6479770173342
11235280000,0,11,150.90773756203265,-33.64898091733195
11235280000,0,12,150.90756727205542,-33.648991637316314
11235280000,0,13,150.90664404215647,-33.64922006723282
11235280000,0,14,150.90642880218238,-33.649255797213215
11235290000,0,0,150.90412828259232,-33.648625456996726
11235290000,0,1,150.9041204025917,-33.64863883699609
11235290000,0,2,150.90341183253125,-33.64986160693938
11235290000,0,3,150.90331251255014,-33.64982524692997
11235290000,0,4,150.9032232125675,-33.6497899969215
11235290000,0,5,150.90297648261014,-33.649732426898346
11235290000,0,6,150.90264045266392,-33.649686596867056
11235290000,0,7,150.90251229268236,-33.64968487685524
11235290000,0,8,150.902109552737,-33.64970460681826
11235290000,0,9,150.90186530277066,-33.64971265679579
11235290000,0,10,150.90178477278243,-33.649709976788344
11235290000,0,11,150.9017015727978,-33.6496831367805
11235290000,0,12,150.90164520280936,-33.649656296775106
11235290000,0,13,150.90159958282186,-33.64961066677058
11235290000,0,14,150.90160181282792,-33.64956234677045
11235290000,0,15,150.901647012834,-33.64946716677396
11235290000,0,16,150.90186578285116,-33.64910112679154
11235290000,0,17,150.90190872285532,-33.649023286794936
11235290000,0,18,150.90225228288503,-33.648427426822415
11235290000,0,19,150.90233034289278,-33.6482845368286
11235290000,0,20,150.90239453290016,-33.64815902683364
11235290000,0,21,150.9024286729031,-33.648099726836364
11235290000,0,22,150.90248108290734,-33.648011076840575
11235290000,0,23,150.9026199128814,-33.64805863685371
11235290000,0,24,150.90329273275003,-33.648329876917636
11235290000,0,25,150.90408729260025,-33.64860962699284
11235290000,0,26,150.90412828259232,-33.648625456996726
11235300000,0,0,150.90239328311134,-33.64655752682226
11235300000,0,1,150.9026176130764,-33.6465812368431
11235300000,0,2,150.90329713296998,-33.646656086906255
11235300000,0,3,150.9032232729684,-33.6467475669001
11235300000,0,4,150.9026955729238,-33.64765529685783
11235300000,0,5,150.90036096338363,-33.64668287663583
11235300000,0,6,150.90040905338725,-33.646603356639694
11235300000,0,7,150.90059747340155,-33.64629181665487
11235300000,0,8,150.90069265338272,-33.64633226666394
11235300000,0,9,150.90094011333753,-33.64640840668728
11235300000,0,10,150.90138624326843,-33.646451556728685
11235300000,0,11,150.90239328311134,-33.64655752682226
11235310000,0,0,150.9026955729238,-33.64765529685783
11235310000,0,1,150.9025708029132,-33.647869926847854
11235310000,0,2,150.90249948290855,-33.64798213684206
11235310000,0,3,150.90248108290734,-33.648011076840575
11235310000,0,4,150.9024286729031,-33.648099726836364
11235310000,0,5,150.90239453290016,-33.64815902683364
11235310000,0,6,150.90233034289278,-33.6482845368286
11235310000,0,7,150.90154392304552,-33.647973186753944
11235310000,0,8,150.90076226319917,-33.64765008667961
11235310000,0,9,150.900203523154,-33.64859546663477
11235310000,0,10,150.90002898318744,-33.64852965661824
11235310000,0,11,150.89957451327683,-33.64834166657503
11235310000,0,12,150.89939957331097,-33.64827118655842
11235310000,0,13,150.89956819332528,-33.6479808165719
11235310000,0,14,150.89971184333447,-33.647756136583546
11235310000,0,15,150.90036096338363,-33.64668287663583
11235310000,0,16,150.9026955729238,-33.64765529685783
11235320000,0,0,150.73294422278747,-34.06051601416026
11235320000,0,1,150.73271122283327,-34.06042454413831
11235320000,0,2,150.73236024289974,-34.06030557410534
11235320000,0,3,150.73176754300022,-34.060193844050346
11235320000,0,4,150.73179215300783,-34.060109274052
11235320000,0,5,150.73189030302748,-34.05985347405919
11235320000,0,6,150.73186589304007,-34.0597847040565
11235320000,0,7,150.73193350319326,-34.058550964054085
11235320000,0,8,150.7319673331973,-34.0584833540567
11235320000,0,9,150.73203498319532,-34.058424204062476
11235320000,0,10,150.732136443184,-34.058398854071584
11235320000,0,11,150.73260149311784,-34.05839040411407
11235320000,0,12,150.73288847310624,-34.058164274138754
11235320000,0,13,150.7337179729548,-34.058402514216326
11235320000,0,14,150.73340516288707,-34.059257784193655
11235320000,0,15,150.7330789228183,-34.06013544416994
11235320000,0,16,150.73294422278747,-34.06051601416026
11235330000,0,0,151.07696853166624,-33.77184560385442
11235330000,0,1,151.07694759168143,-33.77175379385184
11235330000,0,2,151.076823611753,-33.77134920383749
11235330000,0,3,151.0772042517096,-33.77126771387226
11235330000,0,4,151.07733026163783,-33.7716716438868
11235330000,0,5,151.0773596816216,-33.77176175389017
11235330000,0,6,151.07732779162527,-33.77176859388725
11235330000,0,7,151.0770330916589,-33.77183176386032
11235330000,0,8,151.07696853166624,-33.77184560385442
11235340000,0,0,151.0782500315201,-33.77157090397151
11235340000,0,1,151.07812746153408,-33.77159717396031
11235340000,0,2,151.07809467155067,-33.77150743395663
11235340000,0,3,151.07796977162224,-33.771103833942206
11235340000,0,4,151.07835318157854,-33.771021623977234
11235340000,0,5,151.07836294157295,-33.771053123978355
11235340000,0,6,151.078478171507,-33.77142504399168
11235340000,0,7,151.07850720149074,-33.77151577399501
11235340000,0,8,151.0782500315201,-33.77157090397151
11235350000,0,0,150.8993892540013,-33.64304228652065
11235350000,0,1,150.89995827391158,-33.643109746573565
11235350000,0,2,150.90030061385764,-33.6431503366054
11235350000,0,3,150.900437573836,-33.643166566618135
11235350000,0,4,150.9007939137798,-33.64320894665128
11235350000,0,5,150.90085915376937,-33.64321782665735
11235350000,0,6,150.90092417375882,-33.64322781666342
11235350000,0,7,150.9010050737455,-33.64324185667096
11235350000,0,8,150.90110154372923,-33.64326098667999
11235350000,0,9,150.90118136371552,-33.64327881668747
11235350000,0,10,150.90127640369894,-33.643302446696396
11235350000,0,11,150.90137053368213,-33.64332850670527
11235350000,0,12,150.901448203668,-33.64335205671258
11235350000,0,13,150.9015251436537,-33.64337725671987
11235350000,0,14,150.90160127363941,-33.64340409672706
11235350000,0,15,150.90170644361916,-33.64344437673703
11235350000,0,16,150.90197385356683,-33.64355308676244
11235350000,0,17,150.90211513353972,-33.64360653677584
11235350000,0,18,150.9020028835307,-33.643795966766824
11235350000,0,19,150.9018342435172,-33.644080576753296
11235350000,0,20,150.9015460334928,-33.64457641673022
11235350000,0,21,150.90059747340155,-33.64629181665487
11235350000,0,22,150.90040905338725,-33.646603356639694
11235350000,0,23,150.90036096338363,-33.64668287663583
11235350000,0,24,150.89971184333447,-33.647756136583546
11235350000,0,25,150.89956819332528,-33.6479808165719
11235350000,0,26,150.89939957331097,-33.64827118655842
11235350000,0,27,150.89907288328325,-33.64883374653226
11235350000,0,28,150.8987382032582,-33.6493850265053
11235350000,0,29,150.89819758320985,-33.65033526646215
11235350000,0,30,150.89812049320273,-33.65047232645602
11235350000,0,31,150.89809907319864,-33.650526576454425
11235350000,0,32,150.8980805131913,-33.65060224645325
11235350000,0,33,150.898070523185,-33.65066077645273
11235350000,0,34,150.89805053316334,-33.6508463764522
11235350000,0,35,150.89802341305906,-33.651667286455485
11235350000,0,36,150.89798893293596,-33.65263893645915
11235350000,0,37,150.8979866529231,-33.652738976459645
11235350000,0,38,150.89765908300302,-33.65248577642766
11235350000,0,39,150.89592557340728,-33.6512871462595
11235350000,0,40,150.8955584834926,-33.65103561622391
11235350000,0,41,150.89526393356138,-33.65083151619531
11235350000,0,42,150.89322150403805,-33.64941629599717
11235350000,0,43,150.89463412411638,-33.647297566112414
11235350000,0,44,150.89486988413245,-33.6469214061315
11235350000,0,45,150.8951504941485,-33.64649664615436
11235350000,0,46,150.89618610421135,-33.64490268623858
11235350000,0,47,150.89630731421826,-33.644719536248445
11235350000,0,48,150.89747234428458,-33.64295909634342
11235350000,0,49,150.89833402416323,-33.64295118642275
11235350000,0,50,150.89842799414973,-33.64295224643143
11235350000,0,51,150.89854070413327,-33.64295584644184
11235350000,0,52,150.89867198411363,-33.64296323645399
11235350000,0,53,150.8988029340936,-33.64297405646614
11235350000,0,54,150.89891480407613,-33.642986046476516
11235350000,0,55,150.8992024940308,-33.64302014650328
11235350000,0,56,150.8993892540013,-33.64304228652065
11235360000,0,0,151.1940593134836,-33.93215446587988
11235360000,0,1,151.1941479734694,-33.93216580588824
11235360000,0,2,151.1947451133726,-33.93224892594455
11235360000,0,3,151.1945062232416,-33.93347901593088
11235360000,0,4,151.1944717032475,-33.933471845927606
11235360000,0,5,151.1939830633267,-33.93340404588152
11235360000,0,6,151.19378461335873,-33.93337718586281
11235360000,0,7,151.19385166339416,-33.93304191586672
11235360000,0,8,151.1939700734567,-33.93244983587361
11235360000,0,9,151.1940593134836,-33.93215446587988
11235370000,0,0,142.07867813795718,-34.10366612384357
11235370000,0,1,142.07601674834308,-34.10392364369558
11235370000,0,2,142.0753487584332,-34.10407164365898
11235370000,0,3,142.0734277686954,-34.10445864355351
11235370000,0,4,142.0700137692146,-34.104492623361786
11235370000,0,5,142.0681990995164,-34.104192743257784
11235370000,0,6,142.06827808962467,-34.10271072325243
11235370000,0,7,142.06735273994187,-34.10054763318611
11235370000,0,8,142.0693197596121,-34.10090562329904
11235370000,0,9,142.0695947497651,-34.09850464329861
11235370000,0,10,142.06905476985105,-34.09846262326799
11235370000,0,11,142.06915777990824,-34.09756463326784
11235370000,0,12,142.0692927499106,-34.09728164327357
11235370000,0,13,142.07037774973762,-34.09736962333514
11235370000,0,14,142.07431025911222,-34.097669773558245
11235370000,0,15,142.07575058888355,-34.09777444363994
11235370000,0,16,142.07641988877742,-34.0978213436779
11235370000,0,17,142.07788875854618,-34.09790463376106
11235370000,0,18,142.08170300794723,-34.098101503976956
11235370000,0,19,142.08168774793322,-34.098302633977426
11235370000,0,20,142.08163876791127,-34.098664533977065
11235370000,0,21,142.0810595476119,-34.103435263976024
11235370000,0,22,142.07867813795718,-34.10366612384357
11235380000,0,0,151.19235401389923,-33.93088045571182
11235380000,0,1,151.19275031383518,-33.93093439574917
11235380000,0,2,151.19274560383204,-33.93096255574893
11235380000,0,3,151.19424732358968,-33.9311643258905
11235380000,0,4,151.1941387035235,-33.93177288588463
11235380000,0,5,151.19389334356276,-33.93174239586151
11235380000,0,6,151.1934653136326,-33.93167922582112
11235380000,0,7,151.19220933383647,-33.93150198570265
11235380000,0,8,151.19223118384582,-33.93140926570405
11235380000,0,9,151.19228005387157,-33.9311653357069
11235380000,0,10,151.19229634386892,-33.93116757570843
11235380000,0,11,151.19235401389923,-33.93088045571182
11235390000,0,0,151.10899445060943,-33.82049555717215
11235390000,0,1,151.10889449063114,-33.82044000716246
11235390000,0,2,151.1087755106529,-33.820404327151145
11235390000,0,3,151.1086416706752,-33.82038052713854
11235390000,0,4,151.10842454070465,-33.82039242711843
11235390000,0,5,151.10831449071517,-33.82043109710847
11235390000,0,6,151.10818362072672,-33.82048463709668
11235390000,0,7,151.1080735807317,-33.82056493708701
11235390000,0,8,151.10797840073224,-33.82066308707885
11235390000,0,9,151.10792188072602,-33.820770167074336
11235390000,0,10,151.10788322071366,-33.82090401707168
11235390000,0,11,151.1078802406998,-33.82101108707216
11235390000,0,12,151.10784455069458,-33.82108841706938
11235390000,0,13,151.1069526907072,-33.821948176992485
11235390000,0,14,151.10674809071,-33.82214620697484
11235390000,0,15,151.10589655092045,-33.821481036891
11235390000,0,16,151.10594063091784,-33.821453186894914
11235390000,0,17,151.10603790091102,-33.82140016690358
11235390000,0,18,151.10617115090375,-33.82131212691535
11235390000,0,19,151.10635913089726,-33.821159846931764
11235390000,0,20,151.10642100089694,-33.82109559693707
11235390000,0,21,151.10649000089856,-33.82100993694288
11235390000,0,22,151.10660495090238,-33.82085800695249
11235390000,0,23,151.10662325090303,-33.82083385695403
11235390000,0,24,151.10682602089997,-33.82063960697152
11235390000,0,25,151.10690525089473,-33.820593916978574
11235390000,0,26,151.10694951089033,-33.82057963698258
11235390000,0,27,151.1069951908854,-33.820567506986734
11235390000,0,28,151.10705088087795,-33.820563926991895
11235390000,0,29,151.10714153086366,-33.8205739270004
11235390000,0,30,151.10722005084855,-33.820603187007904
11235390000,0,31,151.10727216083643,-33.820638167013
11235390000,0,32,151.10742778079936,-33.820749527028234
11235390000,0,33,151.10750487078212,-33.820795927035746
11235390000,0,34,151.1075316507852,-33.82074432703788
11235390000,0,35,151.1075420307878,-33.82071347703862
11235390000,0,36,151.10755068078967,-33.82069054703926
11235390000,0,37,151.10756332079188,-33.82066027704022
11235390000,0,38,151.10757721079392,-33.82063036704131
11235390000,0,39,151.10760008079654,-33.82058600704313
11235390000,0,40,151.10761686079803,-33.82055702704449
11235390000,0,41,151.10763023079897,-33.82053561704558
11235390000,0,42,151.10764908080003,-33.82050753704714
11235390000,0,43,151.10766910080085,-33.82048004704878
11235390000,0,44,151.10768485080126,-33.820459817050136
11235390000,0,45,151.10770683080167,-33.820433407051986
11235390000,0,46,151.10772990080184,-33.82040765705394
11235390000,0,47,151.1077540108017,-33.820382607056004
11235390000,0,48,151.1077791608014,-33.820358287058184
11235390000,0,49,151.10779869080096,-33.820340547059885
11235390000,0,50,151.10781874080038,-33.820323247061616
11235390000,0,51,151.10784631079943,-33.82030087706402
11235390000,0,52,151.10788938079756,-33.8202689070678
11235390000,0,53,151.10791916079597,-33.82024866707042
11235390000,0,54,151.10794205079466,-33.820234077072456
11235390000,0,55,151.10798912079164,-33.82020645707664
11235390000,0,56,151.10801258078428,-33.82023676707903
11235390000,0,57,151.1082187007664,-33.82014994709759
11235390000,0,58,151.10823558076444,-33.820146707099134
11235390000,0,59,151.10855929072696,-33.82008086712877
11235390000,0,60,151.1085992907211,-33.8200821471325
11235390000,0,61,151.10863920071503,-33.82008454713623
11235390000,0,62,151.10867899070888,-33.820088067139956
11235390000,0,63,151.10872850070103,-33.8200940471446
11235390000,0,64,151.1087678606946,-33.820100077148304
11235390000,0,65,151.10880696068807,-33.820107217151985
11235390000,0,66,151.10885539067976,-33.820117687156575
11235390000,0,67,151.108893720673,-33.820127277160196
11235390000,0,68,151.10893164066616,-33.8201379471638
11235390000,0,69,151.10896911065922,-33.82014967716737
11235390000,0,70,151.10900608065225,-33.820162457170895
11235390000,0,71,151.1090515406434,-33.82017988717524
11235390000,0,72,151.10909607063454,-33.820198897179516
11235390000,0,73,151.10913099062736,-33.820215217182884
11235390000,0,74,151.10916521062018,-33.82023252718618
11235390000,0,75,151.10919873061295,-33.820250777189436
11235390000,0,76,151.10904428061107,-33.82042996717633
11235390000,0,77,151.10899445060943,-33.82049555717215
11235400000,0,0,151.10589655092045,-33.821481036891
11235400000,0,1,151.10483746118206,-33.82065430678673
11235400000,0,2,151.10475019121645,-33.82049030677746
11235400000,0,3,151.10483082122164,-33.82036478678408
11235400000,0,4,151.1051423312169,-33.82006716681095
11235400000,0,5,151.10530348117496,-33.82020871682693
11235400000,0,6,151.1055258711202,-33.82038116684882
11235400000,0,7,151.10573245111559,-33.820194626866716
11235400000,0,8,151.10654481091598,-33.82082079694664
11235400000,0,9,151.10660495090238,-33.82085800695249
11235400000,0,10,151.10649000089856,-33.82100993694288
11235400000,0,11,151.10642100089694,-33.82109559693707
11235400000,0,12,151.10635913089726,-33.821159846931764
11235400000,0,13,151.10617115090375,-33.82131212691535
11235400000,0,14,151.10603790091102,-33.82140016690358
11235400000,0,15,151.10594063091784,-33.821453186894914
11235400000,0,16,151.10589655092045,-33.821481036891
11235410000,0,0,151.0959805926886,-33.81884576595071
11235410000,0,1,151.0967808925015,-33.81939100602894
11235410000,0,2,151.09661847250337,-33.81955110601495
11235410000,0,3,151.09603447250805,-33.82014130596481
11235410000,0,4,151.09553945262743,-33.81977630591624
11235410000,0,5,151.09542999264585,-33.819755545905934
11235410000,0,6,151.09532468267045,-33.819683915895645
11235410000,0,7,151.095431492669,-33.81958044590484
11235410000,0,8,151.09568513266703,-33.81932376592661
11235410000,0,9,151.09557667269257,-33.819248425915994
11235410000,0,10,151.09591005269004,-33.81891043594461
11235410000,0,11,151.0959805926886,-33.81884576595071
11235420000,0,0,151.09836113227067,-33.81942921617607
11235420000,0,1,151.0982866322716,-33.81950192616966
11235420000,0,2,151.09802274227496,-33.81975949614693
11235420000,0,3,151.0978131122776,-33.819964096128885
11235420000,0,4,151.09775533229148,-33.819922176123214
11235420000,0,5,151.096954342482,-33.819351396044766
11235420000,0,6,151.09687773249996,-33.81929911603728
11235420000,0,7,151.09730116249315,-33.81889684607381
11235420000,0,8,151.09737560247487,-33.81895406608114
11235420000,0,9,151.09754342243443,-33.81907741609759
11235420000,0,10,151.0974041024368,-33.81920887608557
11235420000,0,11,151.09745326242495,-33.819245006090384
11235420000,0,12,151.09745111242498,-33.81924702609021
11235420000,0,13,151.0977211723599,-33.81944549611669
11235420000,0,14,151.09800610235624,-33.81916772614124
11235420000,0,15,151.09815546232076,-33.81927418615586
11235420000,0,16,151.09836113227067,-33.81942921617607
11235430000,0,0,151.09513220270244,-33.81964997587751
11235430000,0,1,151.0951909126892,-33.81968683588322
11235430000,0,2,151.09531228267335,-33.81967547589443
11235430000,0,3,151.09532468267045,-33.819683915895645
11235430000,0,4,151.09542999264585,-33.819755545905934
11235430000,0,5,151.09553945262743,-33.81977630591624
11235430000,0,6,151.09603447250805,-33.82014130596481
11235430000,0,7,151.0955674525122,-33.820610295924695
11235430000,0,8,151.095214172515,-33.82096751589437
11235430000,0,9,151.09485928250163,-33.821447705864756
11235430000,0,10,151.09476646249442,-33.82160130585721
11235430000,0,11,151.09472021249078,-33.821677895853455
11235430000,0,12,151.09455800250262,-33.82176310583897
11235430000,0,13,151.09429539252716,-33.82186030581524
11235430000,0,14,151.09431951252958,-33.82181631581719
11235430000,0,15,151.09433535253746,-33.821740355818115
11235430000,0,16,151.09433251254868,-33.82165934581729
11235430000,0,17,151.0943184625619,-33.8215752758154
11235430000,0,18,151.09430156257548,-33.82149132581322
11235430000,0,19,151.09428860258842,-33.821408335811455
11235430000,0,20,151.0942644726216,-33.82118531580764
11235430000,0,21,151.0942486326387,-33.82107435580539
11235430000,0,22,151.09422739265642,-33.82096427580264
11235430000,0,23,151.09419855267492,-33.820856275799215
11235430000,0,24,151.09416435269475,-33.820744315795245
11235430000,0,25,151.09414751270418,-33.82069155579331
11235430000,0,26,151.0944469627021,-33.820386525818996
11235430000,0,27,151.09504698269694,-33.81978270587051
11235430000,0,28,151.0950225527027,-33.81976576586813
11235430000,0,29,151.09506681270227,-33.819721365871935
11235430000,0,30,151.09513220270244,-33.81964997587751
11235440000,0,0,151.1077969920353,-33.81109371699481
11235440000,0,1,151.10741944203642,-33.81148929696247
11235440000,0,2,151.1068334721603,-33.811188116905875
11235440000,0,3,151.1063166822674,-33.81093846685608
11235440000,0,4,151.10637345226814,-33.810872106860884
11235440000,0,5,151.10665946226467,-33.81059228688551
11235440000,0,6,151.10673743226394,-33.81051431689221
11235440000,0,7,151.10691125222806,-33.810597266908964
11235440000,0,8,151.10742174212254,-33.81084179695814
11235440000,0,9,151.10737786212314,-33.81088427695436
11235440000,0,10,151.10770793205475,-33.81104357698618
11235440000,0,11,151.1077969920353,-33.81109371699481
11235450000,0,0,151.1063166822674,-33.81093846685608
11235450000,0,1,151.1061797922958,-33.81087234684288
11235450000,0,2,151.10586585236086,-33.81072068681263
11235450000,0,3,151.10594060238205,-33.81048171681789
11235450000,0,4,151.10606003238138,-33.81035900682814
11235450000,0,5,151.10612442238158,-33.81028861683363
11235450000,0,6,151.10616427238298,-33.81023525683697
11235450000,0,7,151.10627005236051,-33.810290816847186
11235450000,0,8,151.10630345236112,-33.81025029685002
11235450000,0,9,151.10677547226345,-33.81047731689549
11235450000,0,10,151.10673743226394,-33.81051431689221
11235450000,0,11,151.10665946226467,-33.81059228688551
11235450000,0,12,151.10637345226814,-33.810872106860884
11235450000,0,13,151.1063166822674,-33.81093846685608
11235460000,0,0,151.10582395120645,-33.81941593686976
11235460000,0,1,151.1058983011887,-33.81946942687706
11235460000,0,2,151.1063386311123,-33.819570466918705
11235460000,0,3,151.1067375410244,-33.81980234695741
11235460000,0,4,151.10823558076444,-33.820146707099134
11235460000,0,5,151.1082187007664,-33.82014994709759
11235460000,0,6,151.10801258078428,-33.82023676707903
11235460000,0,7,151.10798912079164,-33.82020645707664
11235460000,0,8,151.10794205079466,-33.820234077072456
11235460000,0,9,151.10791916079597,-33.82024866707042
11235460000,0,10,151.10788938079756,-33.8202689070678
11235460000,0,11,151.10784631079943,-33.82030087706402
11235460000,0,12,151.10781874080038,-33.820323247061616
11235460000,0,13,151.10779869080096,-33.820340547059885
11235460000,0,14,151.1077791608014,-33.820358287058184
11235460000,0,15,151.1077540108017,-33.820382607056004
11235460000,0,16,151.10772990080184,-33.82040765705394
11235460000,0,17,151.10770683080167,-33.820433407051986
11235460000,0,18,151.10768485080126,-33.820459817050136
11235460000,0,19,151.10766910080085,-33.82048004704878
11235460000,0,20,151.10764908080003,-33.82050753704714
11235460000,0,21,151.10763023079897,-33.82053561704558
11235460000,0,22,151.10761686079803,-33.82055702704449
11235460000,0,23,151.10760008079654,-33.82058600704313
11235460000,0,24,151.10757721079392,-33.82063036704131
11235460000,0,25,151.10756332079188,-33.82066027704022
11235460000,0,26,151.10755068078967,-33.82069054703926
11235460000,0,27,151.1075420307878,-33.82071347703862
11235460000,0,28,151.1075316507852,-33.82074432703788
11235460000,0,29,151.10750487078212,-33.820795927035746
11235460000,0,30,151.10742778079936,-33.820749527028234
11235460000,0,31,151.10727216083643,-33.820638167013
11235460000,0,32,151.10722005084855,-33.820603187007904
11235460000,0,33,151.10714153086366,-33.8205739270004
11235460000,0,34,151.10705088087795,-33.820563926991895
11235460000,0,35,151.1069951908854,-33.820567506986734
11235460000,0,36,151.10694951089033,-33.82057963698258
11235460000,0,37,151.10690525089473,-33.820593916978574
11235460000,0,38,151.10682602089997,-33.82063960697152
11235460000,0,39,151.10662325090303,-33.82083385695403
11235460000,0,40,151.10660495090238,-33.82085800695249
11235460000,0,41,151.10654481091598,-33.82082079694664
11235460000,0,42,151.10573245111559,-33.820194626866716
11235460000,0,43,151.1055258711202,-33.82038116684882
11235460000,0,44,151.10530348117496,-33.82020871682693
11235460000,0,45,151.1051423312169,-33.82006716681095
11235460000,0,46,151.10582395120645,-33.81941593686976
11235470000,0,0,150.7342535812359,-34.07082570435198
11235470000,0,1,150.73428260121756,-34.070932754355375
11235470000,0,2,150.73435386119084,-34.071056814362755
11235470000,0,3,150.73447247115982,-34.07116147437434
11235470000,0,4,150.73465805112042,-34.07125635439198
11235470000,0,5,150.7346859711131,-34.0712814743947
11235470000,0,6,150.73472224109992,-34.07134147439846
11235470000,0,7,150.73473062109045,-34.07140427439965
11235470000,0,8,150.73469294108736,-34.07146845439666
11235470000,0,9,150.73457991108103,-34.07164008438751
11235470000,0,10,150.73442946107605,-34.07184274437516
11235470000,0,11,150.7307969317312,-34.07086234403591
11235470000,0,12,150.72934603198973,-34.0704945239006
11235470000,0,13,150.73005282214945,-34.06851182395144
11235470000,0,14,150.73041446223445,-34.06747227397727
11235470000,0,15,150.73062448219838,-34.06751528399679
11235470000,0,16,150.73085545215608,-34.067582274018406
11235470000,0,17,150.7311194621091,-34.06764927404303
11235470000,0,18,150.73127349208093,-34.067693274057426
11235470000,0,19,150.73186446197394,-34.067856274112636
11235470000,0,20,150.7319944719481,-34.0679092741249
11235470000,0,21,150.73208547192422,-34.06799027413379
11235470000,0,22,150.73223946188412,-34.06812528414883
11235470000,0,23,150.73238046184062,-34.06830027416295
11235470000,0,24,150.73246047181476,-34.06840827417103
11235470000,0,25,150.732493461794,-34.06852926417489
11235470000,0,26,150.73255646175767,-34.0687352841821
11235470000,0,27,150.7325704817233,-34.06898028418507
11235470000,0,28,150.7326094616916,-34.069177264190024
11235470000,0,29,150.7326574616656,-34.06932127419541
11235470000,0,30,150.73276846162221,-34.069528264207015
11235470000,0,31,150.73292146158158,-34.06966827422198
11235470000,0,32,150.73302746155304,-34.06976826423237
11235470000,0,33,150.73317149152518,-34.06982127424593
11235470000,0,34,150.73331484149074,-34.06992491425977
11235470000,0,35,150.7335130314462,-34.07004523427875
11235470000,0,36,150.73362403142036,-34.070119014289425
11235470000,0,37,150.73384376136872,-34.07026917431058
11235470000,0,38,150.7339601313325,-34.07041589432225
11235470000,0,39,150.73412709127825,-34.07064356433913
11235470000,0,40,150.7342535812359,-34.07082570435198
11235480000,0,0,151.09513220270244,-33.81964997587751
11235480000,0,1,151.09468765280323,-33.81937085583424
11235480000,0,2,151.09457425284157,-33.81920489582254
11235480000,0,3,151.09534516283713,-33.81841240588861
11235480000,0,4,151.0959805926886,-33.81884576595071
11235480000,0,5,151.09591005269004,-33.81891043594461
11235480000,0,6,151.09557667269257,-33.819248425915994
11235480000,0,7,151.09568513266703,-33.81932376592661
11235480000,0,8,151.095431492669,-33.81958044590484
11235480000,0,9,151.09532468267045,-33.819683915895645
11235480000,0,10,151.09531228267335,-33.81967547589443
11235480000,0,11,151.0951909126892,-33.81968683588322
11235480000,0,12,151.09513220270244,-33.81964997587751
11235490000,0,0,151.09886288207252,-33.82037710622936
11235490000,0,1,151.09873637210364,-33.82027934621691
11235490000,0,2,151.09809131225734,-33.81981815615372
11235490000,0,3,151.09802274227496,-33.81975949614693
11235490000,0,4,151.0982866322716,-33.81950192616966
11235490000,0,5,151.09835725225398,-33.819558436176614
11235490000,0,6,151.098642882186,-33.819762436204584
11235490000,0,7,151.09871600216866,-33.819813936211766
11235490000,0,8,151.09900542209962,-33.82002132624011
11235490000,0,9,151.0991331920685,-33.820117946252665
11235490000,0,10,151.09886288207252,-33.82037710622936
11235500000,0,0,150.72208746244806,-34.074976273267815
11235500000,0,1,150.7219844924183,-34.07531425326076
11235500000,0,2,150.72193757240416,-34.07547311325757
11235500000,0,3,150.72188943239203,-34.07561753325417
11235500000,0,4,150.7217185223414,-34.076188033242516
11235500000,0,5,150.72166682232915,-34.07633763323883
11235500000,0,6,150.7213412123873,-34.07625414320848
11235500000,0,7,150.7209300324647,-34.07611847316991
11235500000,0,8,150.72027048260043,-34.07581374310747
11235500000,0,9,150.72016612262436,-34.075746953097465
11235500000,0,10,150.72012854263753,-34.07568850309362
11235500000,0,11,150.7200993326489,-34.07563423309057
11235500000,0,12,150.7199863226868,-34.07547142307909
11235500000,0,13,150.7201754826914,-34.07522928309471
11235500000,0,14,150.7201854826914,-34.075218273095544
11235500000,0,15,150.72019446269167,-34.075206273096285
11235500000,0,16,150.72025246269254,-34.075136283101095
11235500000,0,17,150.72033345269267,-34.07504628310789
11235500000,0,18,150.72037546269243,-34.075002273111416
11235500000,0,19,150.72048445269093,-34.07489426312063
11235500000,0,20,150.7204964626905,-34.07488427312166
11235500000,0,21,150.72050748269032,-34.07487327312259
11235500000,0,22,150.72053048268964,-34.07485327312456
11235500000,0,23,150.72054147268952,-34.07484228312548
11235500000,0,24,150.7205764726884,-34.07481227312848
11235500000,0,25,150.7205874626883,-34.0748012631294
11235500000,0,26,150.72068349268483,-34.07472227313763
11235500000,0,27,150.7208314626786,-34.07460727315036
11235500000,0,28,150.72086946266845,-34.07464227315409
11235500000,0,29,150.7209794726638,-34.07455727316356
11235500000,0,30,150.72120248261183,-34.074706273184994
11235500000,0,31,150.72184046249214,-34.074913263244774
11235500000,0,32,150.72208746244806,-34.074976273267815
11235510000,0,0,150.72427022200466,-34.07594169347421
11235510000,0,1,150.7242587219977,-34.076006733473605
11235510000,0,2,150.72416556194156,-34.07653376346877
11235510000,0,3,150.72412689193968,-34.07659027346562
11235510000,0,4,150.72407336194195,-34.076631923461
11235510000,0,5,150.72396033195713,-34.07664083345073
11235510000,0,6,150.722919142125,-34.07651086335458
11235510000,0,7,150.72166682232915,-34.07633763323883
11235510000,0,8,150.7217185223414,-34.076188033242516
11235510000,0,9,150.72188943239203,-34.07561753325417
11235510000,0,10,150.7232946421635,-34.075807853384035
11235510000,0,11,150.72410663203186,-34.07591492345906
11235510000,0,12,150.72427022200466,-34.07594169347421
11235520000,0,0,150.72208746244806,-34.074976273267815
11235520000,0,1,150.72439807207257,-34.07528722348135
11235520000,0,2,150.72433132203665,-34.07563263347765
11235520000,0,3,150.72427022200466,-34.07594169347421
11235520000,0,4,150.72410663203186,-34.07591492345906
11235520000,0,5,150.7232946421635,-34.075807853384035
11235520000,0,6,150.72188943239203,-34.07561753325417
11235520000,0,7,150.72193757240416,-34.07547311325757
11235520000,0,8,150.7219844924183,-34.07531425326076
11235520000,0,9,150.72208746244806,-34.074976273267815
11235530000,0,0,151.10899445060943,-33.82049555717215
11235530000,0,1,151.10904428061107,-33.82042996717633
11235530000,0,2,151.10919873061295,-33.820250777189436
11235530000,0,3,151.10916521062018,-33.82023252718618
11235530000,0,4,151.10913099062736,-33.820215217182884
11235530000,0,5,151.10909607063454,-33.820198897179516
11235530000,0,6,151.1090515406434,-33.82017988717524
11235530000,0,7,151.10900608065225,-33.820162457170895
11235530000,0,8,151.10896911065922,-33.82014967716737
11235530000,0,9,151.10893164066616,-33.8201379471638
11235530000,0,10,151.108893720673,-33.820127277160196
11235530000,0,11,151.10885539067976,-33.820117687156575
11235530000,0,12,151.10880696068807,-33.820107217151985
11235530000,0,13,151.1087678606946,-33.820100077148304
11235530000,0,14,151.10872850070103,-33.8200940471446
11235530000,0,15,151.10867899070888,-33.820088067139956
11235530000,0,16,151.10863920071503,-33.82008454713623
11235530000,0,17,151.1085992907211,-33.8200821471325
11235530000,0,18,151.10855929072696,-33.82008086712877
11235530000,0,19,151.10850568078487,-33.81970461712115
11235530000,0,20,151.10848122081208,-33.81952688711763
11235530000,0,21,151.1084783008162,-33.81949928711717
11235530000,0,22,151.10847710082004,-33.81947160711685
11235530000,0,23,151.10847757082365,-33.8194439171167
11235530000,0,24,151.10847976082704,-33.819416277116716
11235530000,0,25,151.10848367083014,-33.819388767116884
11235530000,0,26,151.10848925083297,-33.81936145711722
11235530000,0,27,151.10849651083555,-33.819334447117704
11235530000,0,28,151.10850549083784,-33.81930776711835
11235530000,0,29,151.10851604083987,-33.81928151711916
11235530000,0,30,151.10852823084153,-33.8192557471201
11235530000,0,31,151.10854196084293,-33.819230537121186
11235530000,0,32,151.10855725084403,-33.81920596712244
11235530000,0,33,151.10857404084484,-33.81918206712384
11235530000,0,34,151.10859229084528,-33.81915893712537
11235530000,0,35,151.10861196084545,-33.81913660712705
11235530000,0,36,151.10871843082697,-33.81916130713712
11235530000,0,37,151.1087384408148,-33.819231307139454
11235530000,0,38,151.10966046065013,-33.81947830722694
11235530000,0,39,151.10982146061642,-33.81955829724248
11235530000,0,40,151.10995246058343,-33.81966530725542
11235530000,0,41,151.11006547054458,-33.81983529726711
11235530000,0,42,151.11017843049507,-33.82008530727938
11235530000,0,43,151.11026344047443,-33.82014929728773
11235530000,0,44,151.11022245047494,-33.8201893172842
11235530000,0,45,151.11014646046695,-33.820330307278134
11235530000,0,46,151.11007846045135,-33.82052029727313
11235530000,0,47,151.10997747044703,-33.82066030726472
11235530000,0,48,151.1097694504546,-33.82082630724654
11235530000,0,49,151.10961144046797,-33.820895307232334
11235530000,0,50,151.10946844048317,-33.82093430721931
11235530000,0,51,151.10928345050866,-33.82094130720216
11235530000,0,52,151.10925735053127,-33.82079990719872
11235530000,0,53,151.1092038205548,-33.82068093719293
11235530000,0,54,151.10912946057692,-33.820594687185405
11235530000,0,55,151.10902833060211,-33.82051437717543
11235530000,0,56,151.10899445060943,-33.82049555717215
11235540000,0,0,150.72921054110182,-34.077362993936084
11235540000,0,1,150.72917748110527,-34.077373263933126
11235540000,0,2,150.72915247110546,-34.07739927393101
11235540000,0,3,150.72913649110419,-34.077426263929745
11235540000,0,4,150.72913346109894,-34.07746928392976
11235540000,0,5,150.72915846108594,-34.07754026393255
11235540000,0,6,150.72916047108035,-34.07758028393302
11235540000,0,7,150.72915149107638,-34.07762027393247
11235540000,0,8,150.72911846107164,-34.077692283929956
11235540000,0,9,150.72897745107463,-34.077824273917955
11235540000,0,10,150.72892446107332,-34.07789226391359
11235540000,0,11,150.72887945107476,-34.07793028390973
11235540000,0,12,150.72882748107844,-34.07795927390518
11235540000,0,13,150.7288044810789,-34.07798127390322
11235540000,0,14,150.72878287107702,-34.078019083901516
11235540000,0,15,150.72873648107446,-34.07808927389777
11235540000,0,16,150.72868545107198,-34.078164273893606
11235540000,0,17,150.72864848107122,-34.078210283890556
11235540000,0,18,150.7286154810724,-34.07823727388774
11235540000,0,19,150.72859446107242,-34.07826026388597
11235540000,0,20,150.72854249107522,-34.07829626388146
11235540000,0,21,150.72844047108399,-34.07834128387243
11235540000,0,22,150.728359471092,-34.07836927386523
11235540000,0,23,150.72826647110196,-34.0783962738569
11235540000,0,24,150.72818048111253,-34.07841026384913
11235540000,0,25,150.7280924811271,-34.07839627384098
11235540000,0,26,150.72804149113634,-34.078382273836226
11235540000,0,27,150.72800747114127,-34.078382273833114
11235540000,0,28,150.72791947115283,-34.07839126382511
11235540000,0,29,150.72782946116516,-34.07839627381692
11235540000,0,30,150.72773146117805,-34.07840627380803
11235540000,0,31,150.72763148119225,-34.0784082637989
11235540000,0,32,150.72754049120462,-34.0784142837906
11235540000,0,33,150.72744548121773,-34.07841927378195
11235540000,0,34,150.72735346122917,-34.07843328377362
11235540000,0,35,150.72729448123613,-34.078445263768316
11235540000,0,36,150.72725247124183,-34.07844828376449
11235540000,0,37,150.72720947124859,-34.07844426376054
11235540000,0,38,150.7271664712552,-34.07844127375658
11235540000,0,39,150.72712647126073,-34.078443273752946
11235540000,0,40,150.72708446126495,-34.07845727374918
11235540000,0,41,150.72698247127815,-34.078469283739935
11235540000,0,42,150.72693148128576,-34.07846728373525
11235540000,0,43,150.72689046129304,-34.07845727373143
11235540000,0,44,150.72674946131716,-34.07842928371834
11235540000,0,45,150.72671445132207,-34.07843028371514
11235540000,0,46,150.72665949132858,-34.0784412737102
11235540000,0,47,150.7266254713338,-34.07843927370706
11235540000,0,48,150.72657149134346,-34.07842527370203
11235540000,0,49,150.7265354613485,-34.078426263698745
11235540000,0,50,150.72648947135306,-34.07844227369465
11235540000,0,51,150.72645647135784,-34.07844227369162
11235540000,0,52,150.72633248137961,-34.078413283680085
11235540000,0,53,150.72626846138928,-34.07841026367421
11235540000,0,54,150.72609746141322,-34.078416273658604
11235540000,0,55,150.72604647142128,-34.0784112836539
11235540000,0,56,150.72601125142543,-34.07841835365075
11235540000,0,57,150.7259554714313,-34.07843527364575
11235540000,0,58,150.72592146143595,-34.07843727364265
11235540000,0,59,150.72587747144215,-34.078438273638625
11235540000,0,60,150.7257682714556,-34.078456273628774
11235540000,0,61,150.72574045145976,-34.078455273626226
11235540000,0,62,150.72566048147277,-34.07844426361883
11235540000,0,63,150.72562446147882,-34.07843827361549
11235540000,0,64,150.72557449148482,-34.07844726361098
11235540000,0,65,150.72549448149363,-34.078468283603804
11235540000,0,66,150.72540648150493,-34.07847927359584
11235540000,0,67,150.72531946152043,-34.07845727358771
11235540000,0,68,150.7252774915269,-34.07845427358386
11235540000,0,69,150.72523347153353,-34.07845228357983
11235540000,0,70,150.7251444815533,-34.07840027357132
11235540000,0,71,150.7250594715677,-34.07838427356343
11235540000,0,72,150.7249694615794,-34.078394283555255
11235540000,0,73,150.72492147158533,-34.078402273550935
11235540000,0,74,150.72487646159195,-34.078401273546795
11235540000,0,75,150.72478846160587,-34.07839228353869
11235540000,0,76,150.72469747162486,-34.07834827353007
11235540000,0,77,150.72466246163233,-34.07833027352673
11235540000,0,78,150.72461246163982,-34.07832827352215
11235540000,0,79,150.72456048164665,-34.07833326351743
11235540000,0,80,150.72451548165395,-34.07832727351327
11235540000,0,81,150.7244244816703,-34.07830328350478
11235540000,0,82,150.72433947168406,-34.07829227349692
11235540000,0,83,150.7242474616962,-34.07830128348857
11235540000,0,84,150.72420245170136,-34.07831127348452
11235540000,0,85,150.72415847170484,-34.07833326348066
11235540000,0,86,150.72413146170732,-34.078344273478265
11235540000,0,87,150.72407748171523,-34.078343273473315
11235540000,0,88,150.72398546173056,-34.07832827346479
11235540000,0,89,150.72393546173714,-34.07833326346025
11235540000,0,90,150.72389647174327,-34.07832927345666
11235540000,0,91,150.72379248176233,-34.078299263446944
11235540000,0,92,150.72369645177807,-34.078285283438056
11235540000,0,93,150.72359447179454,-34.07827227342864
11235540000,0,94,150.72353746180306,-34.078270273423406
11235540000,0,95,150.72348745180926,-34.078278263418895
11235540000,0,96,150.72340248181996,-34.07829027341119
11235540000,0,97,150.7232084818503,-34.078273273393336
11235540000,0,98,150.72313348186142,-34.07827127338646
11235540000,0,99,150.72304047187603,-34.07826226337788
11235540000,0,100,150.72299146188357,-34.078259263373376
11235540000,0,101,150.72295448189024,-34.07824927336993
11235540000,0,102,150.7228764819063,-34.07821327336256
11235540000,0,103,150.7228314819149,-34.07819727335833
11235540000,0,104,150.7227874619202,-34.078205263354356
11235540000,0,105,150.72269946193245,-34.07820928334634
11235540000,0,106,150.7226084619464,-34.07820327333796
11235540000,0,107,150.72250546196034,-34.0782102833286
11235540000,0,108,150.72242348197267,-34.07820728332108
11235540000,0,109,150.72221546200632,-34.07818027330185
11235540000,0,110,150.72211648202642,-34.078136283292494
11235540000,0,111,150.7220354820404,-34.07811928328497
11235540000,0,112,150.7219464620545,-34.07811027327678
11235540000,0,113,150.72186247206972,-34.07808727326892
11235540000,0,114,150.7217814820863,-34.07805027326126
11235540000,0,115,150.7217274620966,-34.07803127325619
11235540000,0,116,150.72160847212297,-34.07796227324482
11235540000,0,117,150.7214414821585,-34.07787628322895
11235540000,0,118,150.7213854621711,-34.0778422732236
11235540000,0,119,150.72135348217745,-34.077829273220566
11235540000,0,120,150.72127048219448,-34.07779127321272
11235540000,0,121,150.72118248221068,-34.077765283204485
11235540000,0,122,150.72099045224624,-34.077706263186506
11235540000,0,123,150.7209254822571,-34.077695273180495
11235540000,0,124,150.72090749226183,-34.07767927317874
11235540000,0,125,150.72082748227314,-34.07768127317143
11235540000,0,126,150.72074346228638,-34.07767328316369
11235540000,0,127,150.72064947230007,-34.077672283155096
11235540000,0,128,150.7206314723028,-34.077671283153435
11235540000,0,129,150.72056048231363,-34.07766726314691
11235540000,0,130,150.72046047232982,-34.077654283137676
11235540000,0,131,150.72038346234007,-34.07766127313068
11235540000,0,132,150.7202904623539,-34.07765827312215
11235540000,0,133,150.7202034823665,-34.077658273114196
11235540000,0,134,150.72016146237178,-34.0776642731104
11235540000,0,135,150.72005547237922,-34.07772426310113
11235540000,0,136,150.7199474623931,-34.077737273091344
11235540000,0,137,150.71988746239785,-34.07776728308605
11235540000,0,138,150.71980548240376,-34.07781227307888
11235540000,0,139,150.71972346241034,-34.077852263071655
11235540000,0,140,150.71963649241846,-34.07788627306393
11235540000,0,141,150.71960747242198,-34.077891263061325
11235540000,0,142,150.71955447243005,-34.077888273056445
11235540000,0,143,150.7193624824618,-34.07785828303867
11235540000,0,144,150.71931247247065,-34.07784627303402
11235540000,0,145,150.71927948247395,-34.07785728303108
11235540000,0,146,150.7191634824794,-34.07794327302108
11235540000,0,147,150.71911245248333,-34.07796928301658
11235540000,0,148,150.7190634724899,-34.077973273012134
11235540000,0,149,150.7190214624969,-34.07796626300823
11235540000,0,150,150.71898547250356,-34.077955273004875
11235540000,0,151,150.71895948263713,-34.07697227299565
11235540000,0,152,150.71979347268206,-34.07571827306318
11235540000,0,153,150.7199863226868,-34.07547142307909
11235540000,0,154,150.7200993326489,-34.07563423309057
11235540000,0,155,150.72012854263753,-34.07568850309362
11235540000,0,156,150.72016612262436,-34.075746953097465
11235540000,0,157,150.72027048260043,-34.07581374310747
11235540000,0,158,150.7209300324647,-34.07611847316991
11235540000,0,159,150.7213412123873,-34.07625414320848
11235540000,0,160,150.72166682232915,-34.07633763323883
11235540000,0,161,150.722919142125,-34.07651086335458
11235540000,0,162,150.72396033195713,-34.07664083345073
11235540000,0,163,150.72407336194195,-34.076631923461
11235540000,0,164,150.72412689193968,-34.07659027346562
11235540000,0,165,150.72416556194156,-34.07653376346877
11235540000,0,166,150.7242587219977,-34.076006733473605
11235540000,0,167,150.72445165196777,-34.07602200349136
11235540000,0,168,150.7255283617927,-34.076167733590886
11235540000,0,169,150.72561758177974,-34.076167733599036
11235540000,0,170,150.72569492177485,-34.07612015360578
11235540000,0,171,150.72573954178176,-34.076019023609156
11235540000,0,172,150.72578713181025,-34.07575133361164
11235540000,0,173,150.72581092182293,-34.07562938361297
11235540000,0,174,150.72583471183992,-34.07547472361406
11235540000,0,175,150.72593584189323,-34.074960163619735
11235540000,0,176,150.72596558190975,-34.07480252362136
11235540000,0,177,150.72598343192647,-34.074656783621975
11235540000,0,178,150.7260250719436,-34.07448130362455
11235540000,0,179,150.72605814195433,-34.07436363362677
11235540000,0,180,150.72610085196504,-34.07423591362978
11235540000,0,181,150.72622549194304,-34.074265923641384
11235540000,0,182,150.72646901190106,-34.074316703664024
11235540000,0,183,150.72703907180906,-34.074388663716675
11235540000,0,184,150.72966123138687,-34.074712273958845
11235540000,0,185,150.72971921137776,-34.07471754396418
11235540000,0,186,150.72963556133857,-34.075105853959236
11235540000,0,187,150.72941432123096,-34.076162363946345
11235540000,0,188,150.72933722119936,-34.07648617394156
11235540000,0,189,150.72922233112874,-34.077146583935644
11235540000,0,190,150.72921054110182,-34.077362993936084
11235550000,0,0,150.7264653421906,-34.072129373648444
11235550000,0,1,150.72726480206174,-34.07222918372228
11235550000,0,2,150.72729980208106,-34.0720444737242
11235550000,0,3,150.72733229209493,-34.071903663726175
11235550000,0,4,150.727359372105,-34.07179804372792
11235550000,0,5,150.72741166212035,-34.0716246537315
11235550000,0,6,150.7274299821257,-34.07156391373275
11235550000,0,7,150.72756762209966,-34.07161045374566
11235550000,0,8,150.73020926165717,-34.072066233990526
11235550000,0,9,150.72971921137776,-34.07471754396418
11235550000,0,10,150.72966123138687,-34.074712273958845
11235550000,0,11,150.72703907180906,-34.074388663716675
11235550000,0,12,150.72646901190106,-34.074316703664024
11235550000,0,13,150.72622549194304,-34.074265923641384
11235550000,0,14,150.72610085196504,-34.07423591362978
11235550000,0,15,150.72604579197517,-34.07421957362463
11235550000,0,16,150.72611074199494,-34.073998863629036
11235550000,0,17,150.72621113205034,-34.073469563634525
11235550000,0,18,150.7264653421906,-34.072129373648444
11235560000,0,0,151.09886288207252,-33.82037710622936
11235560000,0,1,151.09862932207602,-33.82060103620921
11235560000,0,2,151.09851205210694,-33.820494746197575
11235560000,0,3,151.09785344226367,-33.82002531613306
11235560000,0,4,151.0978131122776,-33.819964096128885
11235560000,0,5,151.09802274227496,-33.81975949614693
11235560000,0,6,151.09809131225734,-33.81981815615372
11235560000,0,7,151.09873637210364,-33.82027934621691
11235560000,0,8,151.09886288207252,-33.82037710622936
11235570000,0,0,151.09927572206638,-33.819981296264956
11235570000,0,1,151.0991331920685,-33.820117946252665
11235570000,0,2,151.09900542209962,-33.82002132624011
11235570000,0,3,151.09871600216866,-33.819813936211766
11235570000,0,4,151.098642882186,-33.819762436204584
11235570000,0,5,151.09835725225398,-33.819558436176614
11235570000,0,6,151.0982866322716,-33.81950192616966
11235570000,0,7,151.09836113227067,-33.81942921617607
11235570000,0,8,151.09842543226983,-33.81936645618161
11235570000,0,9,151.0991485120975,-33.81988400625246
11235570000,0,10,151.09927572206638,-33.819981296264956
11235580000,0,0,151.10632831177574,-33.81461045688293
11235580000,0,1,151.1063774917639,-33.814646336887755
11235580000,0,2,151.10669210168908,-33.814870676918574
11235580000,0,3,151.10673607167868,-33.81490133692287
11235580000,0,4,151.10665271167974,-33.8149825069157
11235580000,0,5,151.10632765168393,-33.81529904688771
11235580000,0,6,151.10596805176948,-33.81504281685247
11235580000,0,7,151.10591859178143,-33.8150062968476
11235580000,0,8,151.1060060117802,-33.814921806855146
11235580000,0,9,151.10632831177574,-33.81461045688293
11235590000,0,0,151.1077969920353,-33.81109371699481
11235590000,0,1,151.10812689203132,-33.81077059702322
11235590000,0,2,151.10821083201162,-33.810828427031424
11235590000,0,3,151.10832529198413,-33.81091213704266
11235590000,0,4,151.10857140192607,-33.81108393706675
11235590000,0,5,151.1085883519218,-33.811097437068426
11235590000,0,6,151.10798146192923,-33.81169130701616
11235590000,0,7,151.10790346193104,-33.81176130700939
11235590000,0,8,151.10752945201236,-33.811552316973156
11235590000,0,9,151.10741944203642,-33.81148929696247
11235590000,0,10,151.1077969920353,-33.81109371699481
11235600000,0,0,151.1090303619183,-33.810651027106395
11235600000,0,1,151.10897043191827,-33.81071535710128
11235600000,0,2,151.10865146192177,-33.81103025707382
11235600000,0,3,151.10860857192156,-33.811077657070165
11235600000,0,4,151.1085883519218,-33.811097437068426
11235600000,0,5,151.10857140192607,-33.81108393706675
11235600000,0,6,151.10832529198413,-33.81091213704266
11235600000,0,7,151.10821083201162,-33.810828427031424
11235600000,0,8,151.10812689203132,-33.81077059702322
11235600000,0,9,151.1082616020297,-33.810638667034816
11235600000,0,10,151.10856629202644,-33.810337287061024
11235600000,0,11,151.10857475202633,-33.81032892706176
11235600000,0,12,151.1090303619183,-33.810651027106395
11235610000,0,0,151.10899445060943,-33.82049555717215
11235610000,0,1,151.10902833060211,-33.82051437717543
11235610000,0,2,151.10912946057692,-33.820594687185405
11235610000,0,3,151.1092038205548,-33.82068093719293
11235610000,0,4,151.10925735053127,-33.82079990719872
11235610000,0,5,151.10928345050866,-33.82094130720216
11235610000,0,6,151.10928645049972,-33.82100531720288
11235610000,0,7,151.1092754604926,-33.821070307202326
11235610000,0,8,151.10922443048162,-33.82120731719852
11235610000,0,9,151.10921045047183,-33.82129529719785
11235610000,0,10,151.10926645045168,-33.821386297203695
11235610000,0,11,151.10945646040466,-33.82153529722241
11235610000,0,12,151.10881746041628,-33.82213231716718
11235610000,0,13,151.10826846042673,-33.822641307119696
11235610000,0,14,151.10793547043292,-33.8229513070909
11235610000,0,15,151.10786561043307,-33.82302484708493
11235610000,0,16,151.10785948043312,-33.8230313070844
11235610000,0,17,151.1076643904827,-33.82286826706511
11235610000,0,18,151.10759993049862,-33.82281808705877
11235610000,0,19,151.10752645051764,-33.822754307051504
11235610000,0,20,151.10674809071,-33.82214620697484
11235610000,0,21,151.1069526907072,-33.821948176992485
11235610000,0,22,151.10784455069458,-33.82108841706938
11235610000,0,23,151.1078802406998,-33.82101108707216
11235610000,0,24,151.10788322071366,-33.82090401707168
11235610000,0,25,151.10792188072602,-33.820770167074336
11235610000,0,26,151.10797840073224,-33.82066308707885
11235610000,0,27,151.1080735807317,-33.82056493708701
11235610000,0,28,151.10818362072672,-33.82048463709668
11235610000,0,29,151.10831449071517,-33.82043109710847
11235610000,0,30,151.10842454070465,-33.82039242711843
11235610000,0,31,151.1086416706752,-33.82038052713854
11235610000,0,32,151.1087755106529,-33.820404327151145
11235610000,0,33,151.10889449063114,-33.82044000716246
11235610000,0,34,151.10899445060943,-33.82049555717215
11235620000,0,0,151.09905316226192,-33.81875406623567
11235620000,0,1,151.09946397215893,-33.81908620627618
11235620000,0,2,151.09938991216026,-33.81915532626978
11235620000,0,3,151.09913921216335,-33.819400726248205
11235620000,0,4,151.0987066722663,-33.81909208620582
11235620000,0,5,151.09905316226192,-33.81875406623567
11235630000,0,0,150.72971921137776,-34.07471754396418
11235630000,0,1,150.73020926165717,-34.072066233990526
11235630000,0,2,150.72756762209966,-34.07161045374566
11235630000,0,3,150.7274299821257,-34.07156391373275
11235630000,0,4,150.7274426621294,-34.071521863733615
11235630000,0,5,150.72751373215027,-34.071286213738475
11235630000,0,6,150.72755977217687,-34.071034353740934
11235630000,0,7,150.7277050922469,-34.07034512374942
11235630000,0,8,150.72772288225912,-34.07023332375028
11235630000,0,9,150.7277284622582,-34.070234093750784
11235630000,0,10,150.72821990217693,-34.0703108937963
11235630000,0,11,150.72934603198973,-34.0704945239006
11235630000,0,12,150.7307969317312,-34.07086234403591
11235630000,0,13,150.73442946107605,-34.07184274437516
11235630000,0,14,150.73539302090225,-34.07210280446514
11235630000,0,15,150.73705108060426,-34.072541914619954
11235630000,0,16,150.73865498031606,-34.072966674769724
11235630000,0,17,150.73868409031073,-34.07297526477245
11235630000,0,18,150.7400293500636,-34.07337205489834
11235630000,0,19,150.7411624698363,-34.07385127500542
11235630000,0,20,150.74156845975773,-34.07400127504362
11235630000,0,21,150.74192447969656,-34.07407427507674
11235630000,0,22,150.742210459654,-34.07408328510296
11235630000,0,23,150.7418254596058,-34.0748692750732
11235630000,0,24,150.74174646955007,-34.075377285069514
11235630000,0,25,150.7417194595229,-34.07561227506868
11235630000,0,26,150.74171646945328,-34.076142275072094
11235630000,0,27,150.7418994794252,-34.07615428508894
11235630000,0,28,150.74209244938615,-34.076238275107194
11235630000,0,29,150.74237546932193,-34.076414285134334
11235630000,0,30,150.74146497927924,-34.07773364506018
11235630000,0,31,150.74133854926103,-34.07800990505052
11235630000,0,32,150.74100347920822,-34.07877627502519
11235630000,0,33,150.7409684692174,-34.07874528502177
11235630000,0,34,150.74092547922626,-34.07872528501769
11235630000,0,35,150.7408984592308,-34.07872027501519
11235630000,0,36,150.74083746923938,-34.07872226500962
11235630000,0,37,150.74075245925405,-34.078704265001704
11235630000,0,38,150.74070245926515,-34.07867527499693
11235630000,0,39,150.74068146927203,-34.078646274994796
11235630000,0,40,150.7406764692771,-34.07861326499411
11235630000,0,41,150.7406514692877,-34.07856028499146
11235630000,0,42,150.74062646929954,-34.07849827498874
11235630000,0,43,150.74061248930434,-34.078477274987314
11235630000,0,44,150.74054846931995,-34.07842928498113
11235630000,0,45,150.74046648934026,-34.07836527497318
11235630000,0,46,150.74042447935523,-34.07829826496886
11235630000,0,47,150.74040045936712,-34.07823427496621
11235630000,0,48,150.7403894693719,-34.07821028496503
11235630000,0,49,150.74034347938436,-34.078166264960515
11235630000,0,50,150.7402694594038,-34.078100284953294
11235630000,0,51,150.74023145941248,-34.07807626494964
11235630000,0,52,150.74018546942165,-34.078057264945315
11235630000,0,53,150.7400854594413,-34.078018274935864
11235630000,0,54,150.74000147946043,-34.07796526492781
11235630000,0,55,150.73991744948012,-34.07790826491973
11235630000,0,56,150.73984047949685,-34.07786627491238
11235630000,0,57,150.73974046951977,-34.07780228490279
11235630000,0,58,150.73966224953554,-34.0777686148954
11235630000,0,59,150.73957047955324,-34.077735274886756
11235630000,0,60,150.7394744495728,-34.07769228487768
11235630000,0,61,150.73938644959216,-34.07764227486927
11235630000,0,62,150.7392994696108,-34.07759626486098
11235630000,0,63,150.7392014696307,-34.07755327485172
11235630000,0,64,150.73911846964694,-34.077521264843895
11235630000,0,65,150.7390364496625,-34.0774932748362
11235630000,0,66,150.73886347969494,-34.07743727481996
11235630000,0,67,150.7387814597084,-34.07742527481238
11235630000,0,68,150.73869845972374,-34.0774002748046
11235630000,0,69,150.73862246973977,-34.07736227479737
11235630000,0,70,150.73853847975573,-34.077333274789495
11235630000,0,71,150.73843846977192,-34.07732028478025
11235630000,0,72,150.73833575978793,-34.07731164477078
11235630000,0,73,150.73811945982098,-34.077298264750894
11235630000,0,74,150.738000469838,-34.077300264740025
11235630000,0,75,150.73789447985342,-34.07729926473033
11235630000,0,76,150.73783647986235,-34.077295274724975
11235630000,0,77,150.73779946986903,-34.077285284721526
11235630000,0,78,150.73762046990444,-34.077213274704626
11235630000,0,79,150.7375354599189,-34.07719727469674
11235630000,0,80,150.7373534799468,-34.07718527468
11235630000,0,81,150.73726645996058,-34.07717627467197
11235630000,0,82,150.73718546997532,-34.0771532846644
11235630000,0,83,150.73709745999204,-34.07712327465613
11235630000,0,84,150.73700647000848,-34.07709828464764
11235630000,0,85,150.736918470026,-34.07706228463934
11235630000,0,86,150.73686748003604,-34.07704228463451
11235630000,0,87,150.73682649004274,-34.07703627463072
11235630000,0,88,150.73674447005382,-34.07704228462326
11235630000,0,89,150.73668447006065,-34.077056274617874
11235630000,0,90,150.73665946006432,-34.077056274615586
11235630000,0,91,150.7365724800791,-34.07703926460751
11235630000,0,92,150.7364814500948,-34.07702026459905
11235630000,0,93,150.73639648010618,-34.0770272845913
11235630000,0,94,150.73635746011286,-34.07701926458769
11235630000,0,95,150.73632746011987,-34.076999274584786
11235630000,0,96,150.73630049012684,-34.076976274582165
11235630000,0,97,150.73625048013488,-34.07697028457754
11235630000,0,98,150.73609948015957,-34.07694826456358
11235630000,0,99,150.73606546016427,-34.07695028456048
11235630000,0,100,150.73597746017342,-34.07697727455262
11235630000,0,101,150.73594246017862,-34.076976274549395
11235630000,0,102,150.7358554801956,-34.07694327454121
11235630000,0,103,150.735806460202,-34.07694826453676
11235630000,0,104,150.73573247021073,-34.07696327453011
11235630000,0,105,150.7356354602228,-34.07697827452132
11235630000,0,106,150.7355464702361,-34.07697527451315
11235630000,0,107,150.7354544502508,-34.076964264504646
11235630000,0,108,150.73536547026228,-34.07697527449659
11235630000,0,109,150.73528546027185,-34.07699028448937
11235630000,0,110,150.73520848028008,-34.07701227448248
11235630000,0,111,150.7351574502838,-34.07704026447801
11235630000,0,112,150.7351324902866,-34.07704628447576
11235630000,0,113,150.73504748029836,-34.07705027446801
11235630000,0,114,150.7349614803125,-34.077037274460054
11235630000,0,115,150.73487045032795,-34.07702026445161
11235630000,0,116,150.73479245033963,-34.077017274444444
11235630000,0,117,150.73471646034918,-34.077028274437566
11235630000,0,118,150.7346604703578,-34.07702428443241
11235630000,0,119,150.73464145036294,-34.07700628443054
11235630000,0,120,150.73462846036747,-34.07698628442922
11235630000,0,121,150.73457345037653,-34.07697827442413
11235630000,0,122,150.73448746039,-34.0769702844162
11235630000,0,123,150.73443548039688,-34.07697527441148
11235630000,0,124,150.73440446039962,-34.076988284408735
11235630000,0,125,150.7343664604034,-34.07700126440534
11235630000,0,126,150.73432248041058,-34.07699527440128
11235630000,0,127,150.73424046042442,-34.07698027439368
11235630000,0,128,150.73417046043588,-34.076970284387194
11235630000,0,129,150.7341484804388,-34.07697227438519
11235630000,0,130,150.7340964704442,-34.07698828438055
11235630000,0,131,150.73406647044828,-34.07699028437782
11235630000,0,132,150.7340214604516,-34.07701427437387
11235630000,0,133,150.73398445045734,-34.077011274370456
11235630000,0,134,150.73390247047098,-34.07699827436286
11235630000,0,135,150.73381246048757,-34.07697128435443
11235630000,0,136,150.73373048050166,-34.07695427434681
11235630000,0,137,150.73364646051448,-34.07694928433909
11235630000,0,138,150.7336124805193,-34.07695028433599
11235630000,0,139,150.73356346052387,-34.07696928433163
11235630000,0,140,150.73353247052793,-34.076972274328824
11235630000,0,141,150.73351046052957,-34.076984264326896
11235630000,0,142,150.7334914805323,-34.076984264325155
11235630000,0,143,150.73339746054762,-34.076971284316464
11235630000,0,144,150.73333822055557,-34.076975984311076
11235630000,0,145,150.73332347055674,-34.076983264309774
11235630000,0,146,150.73331946055677,-34.07698728430943
11235630000,0,147,150.73331548055404,-34.07701227430924
11235630000,0,148,150.733300480554,-34.07702927430799
11235630000,0,149,150.7332234605638,-34.07703926430101
11235630000,0,150,150.73319248056922,-34.077032274298126
11235630000,0,151,150.73311247058382,-34.07700928429063
11235630000,0,152,150.73302246059768,-34.07700326428236
11235630000,0,153,150.7329374906114,-34.07699227427452
11235630000,0,154,150.73292646061353,-34.076988284273476
11235630000,0,155,150.73289945061663,-34.07699427427105
11235630000,0,156,150.73286346061818,-34.077022264267946
11235630000,0,157,150.7328404706207,-34.07702827426589
11235630000,0,158,150.7328154706251,-34.07702226426357
11235630000,0,159,150.73280247062817,-34.0770132742623
11235630000,0,160,150.73281047062832,-34.07700326426297
11235630000,0,161,150.7328114906287,-34.076999274263024
11235630000,0,162,150.73281149063033,-34.076987284262955
11235630000,0,163,150.73275345063908,-34.07698426425762
11235630000,0,164,150.7326744706497,-34.076990284250435
11235630000,0,165,150.7326164706584,-34.076988284245104
11235630000,0,166,150.73260245065964,-34.07699427424387
11235630000,0,167,150.73258147066056,-34.07701027424205
11235630000,0,168,150.73252445066868,-34.077011274236845
11235630000,0,169,150.73249949067412,-34.07699727423447
11235630000,0,170,150.73248248068163,-34.07695927423263
11235630000,0,171,150.7324634606861,-34.07694626423082
11235630000,0,172,150.7324174706934,-34.07694127422658
11235630000,0,173,150.73232848070404,-34.07695827421855
11235630000,0,174,150.7322454807142,-34.07697227421105
11235630000,0,175,150.73215847072507,-34.07698526420318
11235630000,0,176,150.73206448073748,-34.07699427419465
11235630000,0,177,150.73197348075027,-34.07699727418633
11235630000,0,178,150.73191746075915,-34.076991274181175
11235630000,0,179,150.73190848075996,-34.076995274180376
11235630000,0,180,150.7319144607576,-34.077006284180996
11235630000,0,181,150.7319314707524,-34.0770272841827
11235630000,0,182,150.73192946075162,-34.07703527418256
11235630000,0,183,150.73189245075605,-34.07704228417923
11235630000,0,184,150.73181445076852,-34.07703327417204
11235630000,0,185,150.7317244807838,-34.07701627416368
11235630000,0,186,150.73164046079938,-34.07699028415582
11235630000,0,187,150.73155946081283,-34.076977274148305
11235630000,0,188,150.73152245082005,-34.07696327414483
11235630000,0,189,150.73149446082368,-34.07696626414227
11235630000,0,190,150.7314534708274,-34.07698326413865
11235630000,0,191,150.7314154708293,-34.07701027413536
11235630000,0,192,150.7313774808315,-34.07703527413206
11235630000,0,193,150.73134047083647,-34.07703826412869
11235630000,0,194,150.7312634908496,-34.07702328412156
11235630000,0,195,150.73122743085338,-34.07703399411833
11235630000,0,196,150.73119246085446,-34.07706428411533
11235630000,0,197,150.73120647084676,-34.07710727411692
11235630000,0,198,150.7311924608473,-34.07711828411571
11235630000,0,199,150.7311444608544,-34.07711728411131
11235630000,0,200,150.7311154808578,-34.0771232741087
11235630000,0,201,150.73109048085982,-34.077135284106504
11235630000,0,202,150.7310304708677,-34.07714127410105
11235630000,0,203,150.73094747088038,-34.07713628409341
11235630000,0,204,150.7308894708896,-34.07713026408807
11235630000,0,205,150.7308594708934,-34.07713428408535
11235630000,0,206,150.73078147090047,-34.07716627407845
11235630000,0,207,150.7307454809046,-34.07717428407521
11235630000,0,208,150.7306994509085,-34.07719527407114
11235630000,0,209,150.73064645091628,-34.07719428406628
11235630000,0,210,150.73060346092385,-34.077184274062276
11235630000,0,211,150.73052349093925,-34.07715528405477
11235630000,0,212,150.73047549094912,-34.07713326405021
11235630000,0,213,150.7304394609555,-34.07712427404685
11235630000,0,214,150.73036048096813,-34.07711526403957
11235630000,0,215,150.73026448098187,-34.07711628403079
11235630000,0,216,150.73017546099226,-34.077135284022766
11235630000,0,217,150.73010147099941,-34.07716227401619
11235630000,0,218,150.73009549099973,-34.07716627401568
11235630000,0,219,150.73001146100594,-34.0772112840083
11235630000,0,220,150.72997347100787,-34.07723827400501
11235630000,0,221,150.72993248101173,-34.07725427400137
11235630000,0,222,150.72989547101696,-34.077255273997984
11235630000,0,223,150.72985148102526,-34.077240273993866
11235630000,0,224,150.7298084910336,-34.07722426398983
11235630000,0,225,150.72976545104024,-34.07722127398586
11235630000,0,226,150.72972147104582,-34.07722728398186
11235630000,0,227,150.7296744610501,-34.07724628397771
11235630000,0,228,150.72963748105374,-34.07725927397442
11235630000,0,229,150.729585471061,-34.07726126396967
11235630000,0,230,150.72949546107216,-34.077275273961526
11235630000,0,231,150.72941148108023,-34.077306273954065
11235630000,0,232,150.72937746108263,-34.07732527395108
11235630000,0,233,150.72931245108967,-34.07734327394527
11235630000,0,234,150.72922248110058,-34.077359283937135
11235630000,0,235,150.72921054110182,-34.077362993936084
11235630000,0,236,150.72922233112874,-34.077146583935644
11235630000,0,237,150.72933722119936,-34.07648617394156
11235630000,0,238,150.72941432123096,-34.076162363946345
11235630000,0,239,150.72963556133857,-34.075105853959236
11235630000,0,240,150.72971921137776,-34.07471754396418
11235640000,0,0,150.7264653421906,-34.072129373648444
11235640000,0,1,150.7250124624258,-34.07194027351421
11235640000,0,2,150.7251397724952,-34.071275633521225
11235640000,0,3,150.72684483221954,-34.07149473367873
11235640000,0,4,150.72699920219358,-34.07152181369305
11235640000,0,5,150.7272375121523,-34.07157326371521
11235640000,0,6,150.72741166212035,-34.0716246537315
11235640000,0,7,150.727359372105,-34.07179804372792
11235640000,0,8,150.72733229209493,-34.071903663726175
11235640000,0,9,150.72729980208106,-34.0720444737242
11235640000,0,10,150.72726480206174,-34.07222918372228
11235640000,0,11,150.7264653421906,-34.072129373648444
11235650000,0,0,150.72772288225912,-34.07023332375028
11235650000,0,1,150.7277050922469,-34.07034512374942
11235650000,0,2,150.72755977217687,-34.071034353740934
11235650000,0,3,150.72751373215027,-34.071286213738475
11235650000,0,4,150.7274426621294,-34.071521863733615
11235650000,0,5,150.7274299821257,-34.07156391373275
11235650000,0,6,150.72741166212035,-34.0716246537315
11235650000,0,7,150.7272375121523,-34.07157326371521
11235650000,0,8,150.72699920219358,-34.07152181369305
11235650000,0,9,150.72684483221954,-34.07149473367873
11235650000,0,10,150.7251397724952,-34.071275633521225
11235650000,0,11,150.72540090263757,-34.069911813535604
11235650000,0,12,150.72772288225912,-34.07023332375028
11235660000,0,0,150.7264653421906,-34.072129373648444
11235660000,0,1,150.72621113205034,-34.073469563634525
11235660000,0,2,150.72477649228412,-34.073271283501896
11235660000,0,3,150.725011102425,-34.07194795351414
11235660000,0,4,150.7250124624258,-34.07194027351421
11235660000,0,5,150.7264653421906,-34.072129373648444
11235670000,0,0,150.71914521394132,-34.06689357294237
11235670000,0,1,150.71824717408109,-34.06681884285972
11235670000,0,2,150.71823021412408,-34.06651200285604
11235670000,0,3,150.71810928429878,-34.06532131283668
11235670000,0,4,150.71948660412642,-34.065117762961215
11235670000,0,5,150.7202277240334,-34.06501036302824
11235670000,0,6,150.72057205398556,-34.06499518305962
11235670000,0,7,150.72088877384647,-34.065701343093515
11235670000,0,8,150.72097728376033,-34.066256713105496
11235670000,0,9,150.72102255370564,-34.06662149311217
11235670000,0,10,150.72088292365348,-34.067169283103226
11235670000,0,11,150.7207036236855,-34.0671233830865
11235670000,0,12,150.72046292372607,-34.06707988306418
11235670000,0,13,150.71993327381304,-34.0670014430152
11235670000,0,14,150.71914521394132,-34.06689357294237
11235680000,0,0,151.65021085256174,-32.86444000129121
11235680000,0,1,151.65008082256674,-32.86453583127954
11235680000,0,2,151.64980218257796,-32.864737811254486
11235680000,0,3,151.64955163258824,-32.864917301231934
11235680000,0,4,151.64896943260746,-32.86537026117981
11235680000,0,5,151.6482555926521,-32.86576763111478
11235680000,0,6,151.6479825027292,-32.865470231086675
11235680000,0,7,151.6477318828052,-32.8651579510606
11235680000,0,8,151.64850583276248,-32.86468452113082
11235680000,0,9,151.64897558274484,-32.86433500117297
11235680000,0,10,151.6493881127296,-32.864026431209986
11235680000,0,11,151.64960298272075,-32.863872431229325
11235680000,0,12,151.65021085256174,-32.86444000129121
11235690000,0,0,150.72088292365348,-34.067169283103226
11235690000,0,1,150.72102255370564,-34.06662149311217
11235690000,0,2,150.72097728376033,-34.066256713105496
11235690000,0,3,150.72088877384647,-34.065701343093515
11235690000,0,4,150.72160974374822,-34.06565566315914
11235690000,0,5,150.72170968372868,-34.065694203168555
11235690000,0,6,150.721746803718,-34.06573418317224
11235690000,0,7,150.72176679370702,-34.0657955731745
11235690000,0,8,150.72176964369774,-34.06586267317522
11235690000,0,9,150.7218605636075,-34.066446493187605
11235690000,0,10,150.72187672358083,-34.06663076319036
11235690000,0,11,150.72185102356286,-34.066794943189166
11235690000,0,12,150.7216739935125,-34.067370303176986
11235690000,0,13,150.72088292365348,-34.067169283103226
11235700000,0,0,151.6482555926521,-32.86576763111478
11235700000,0,1,151.64775811268197,-32.86605414106951
11235700000,0,2,151.64766073267828,-32.86618166106116
11235700000,0,3,151.64748946262725,-32.86673933104887
11235700000,0,4,151.64721077254774,-32.8676205310287
11235700000,0,5,151.6471075625597,-32.86763682101902
11235700000,0,6,151.64693375258855,-32.867598801002195
11235700000,0,7,151.64663501264178,-32.86750646097313
11235700000,0,8,151.64640456268575,-32.86741342095055
11235700000,0,9,151.64641296268886,-32.867381530951114
11235700000,0,10,151.6464614927068,-32.86719736095442
11235700000,0,11,151.64658051275873,-32.86668635096207
11235700000,0,12,151.64659949276523,-32.86661835096337
11235700000,0,13,151.64669417279987,-32.866262020969835
11235700000,0,14,151.64682300282809,-32.86591847097962
11235700000,0,15,151.64692768284493,-32.865684950987905
11235700000,0,16,151.6471569328409,-32.865480201008246
11235700000,0,17,151.6477318828052,-32.8651579510606
11235700000,0,18,151.6479825027292,-32.865470231086675
11235700000,0,19,151.6482555926521,-32.86576763111478
11235710000,0,0,150.78053154198213,-34.01459144819896
11235710000,0,1,150.78006623204882,-34.01459491815631
11235710000,0,2,150.77954974212716,-34.01456621810875
11235710000,0,3,150.77944626225613,-34.01370379809325
11235710000,0,4,150.7797586322055,-34.01374583812218
11235710000,0,5,150.7799931321683,-34.01377115814385
11235710000,0,6,150.7801237321478,-34.01378365815593
11235710000,0,7,150.78032967211502,-34.01380687817497
11235710000,0,8,150.78193838187264,-34.01388413832303
11235710000,0,9,150.78216340183877,-34.01389473834374
11235710000,0,10,150.78300814170925,-34.01395218842159
11235710000,0,11,150.78364406161162,-34.013996628480236
11235710000,0,12,150.78363044159335,-34.014149858480046
11235710000,0,13,150.78356524152764,-34.01471771847804
11235710000,0,14,150.78338072155577,-34.01470647846104
11235710000,0,15,150.78254295168435,-34.01464836838379
11235710000,0,16,150.78226855172528,-34.01463837835856
11235710000,0,17,150.78113486189523,-34.014590148254264
11235710000,0,18,150.78084251193755,-34.014589128227456
11235710000,0,19,150.78053154198213,-34.01459144819896
11235720000,0,0,150.94808544023124,-33.694922581378115
11235720000,0,1,150.94783571029507,-33.69470863135355
11235720000,0,2,150.9474700103872,-33.694405541317636
11235720000,0,3,150.9474143504006,-33.694364161312215
11235720000,0,4,150.9469327405449,-33.6937906912637
11235720000,0,5,150.94678874058772,-33.69362188124921
11235720000,0,6,150.94680064059102,-33.693584101250046
11235720000,0,7,150.9465474806665,-33.69328555122457
11235720000,0,8,150.94635447072403,-33.693057951205155
11235720000,0,9,150.94626621077737,-33.692749481194824
11235720000,0,10,150.94617923079429,-33.69271507118655
11235720000,0,11,150.94735749068263,-33.692291291292385
11235720000,0,12,150.94744038067418,-33.69226613129987
11235720000,0,13,150.9480420606127,-33.692083481354146
11235720000,0,14,150.94831410048457,-33.692760091384024
11235720000,0,15,150.9485521303786,-33.69330531140984
11235720000,0,16,150.94861234036404,-33.69335080141572
11235720000,0,17,150.94866762035417,-33.69336609142093
11235720000,0,18,150.9487424403432,-33.693368351427864
11235720000,0,19,150.94884744033138,-33.693344801437384
11235720000,0,20,150.94923495029266,-33.6932204714723
11235720000,0,21,150.9500216302126,-33.69297955154327
11235720000,0,22,150.9508175501336,-33.69272020161495
11235720000,0,23,150.9510033700484,-33.693164491635244
11235720000,0,24,150.95109769000354,-33.69340258164563
11235720000,0,25,150.9512939599197,-33.69382558166673
11235720000,0,26,150.9513083299139,-33.69385402166826
11235720000,0,27,150.94972630007604,-33.694330491525484
11235720000,0,28,150.94908656013996,-33.69453567146784
11235720000,0,29,150.94808544023124,-33.694922581378115
11235730000,0,0,150.61470884674142,-34.160484374064495
11235730000,0,1,150.614754816798,-34.16000438406532
11235730000,0,2,150.61484652682987,-34.15966128407129
11235730000,0,3,150.61490391684606,-34.159475164075225
11235730000,0,4,150.61496604686147,-34.15928935407958
11235730000,0,5,150.61497788687703,-34.159158464079766
11235730000,0,6,150.6148484369219,-34.158960494066605
11235730000,0,7,150.61480655693427,-34.15891290406245
11235730000,0,8,150.61477610694575,-34.15885960405931
11235730000,0,9,150.61473675701595,-34.15836980405231
11235730000,0,10,150.61509861696663,-34.158345104085086
11235730000,0,11,150.61545544691828,-34.1583183441174
11235730000,0,12,150.6159875568411,-34.15831742416583
11235730000,0,13,150.61608324682769,-34.15831352417453
11235730000,0,14,150.61609412681523,-34.158396184176084
11235730000,0,15,150.6160790166849,-34.159402124181696
11235730000,0,16,150.6160668666276,-34.15985062418372
11235730000,0,17,150.61605989657312,-34.16027160418601
11235730000,0,18,150.61605343656274,-34.16035746418602
11235730000,0,19,150.61603868655374,-34.160442254185256
11235730000,0,20,150.6160152565462,-34.16052505418371
11235730000,0,21,150.61598324654034,-34.16060507418135
11235730000,0,22,150.61593356653972,-34.16066429417724
11235730000,0,23,150.6158705665365,-34.16075834417216
11235730000,0,24,150.61579136653413,-34.16086362416568
11235730000,0,25,150.61566897655914,-34.16080899415416
11235730000,0,26,150.61470884674142,-34.160484374064495
11235740000,0,0,150.61473675701595,-34.15836980405231
11235740000,0,1,150.61477610694575,-34.15885960405931
11235740000,0,2,150.61480655693427,-34.15891290406245
11235740000,0,3,150.6148484369219,-34.158960494066605
11235740000,0,4,150.61497788687703,-34.159158464079766
11235740000,0,5,150.61496604686147,-34.15928935407958
11235740000,0,6,150.61490391684606,-34.159475164075225
11235740000,0,7,150.61431914694927,-34.15933650402102
11235740000,0,8,150.61346945710986,-34.15905520394171
11235740000,0,9,150.61335344713322,-34.15900589393081
11235740000,0,10,150.61327224714998,-34.15896819392315
11235740000,0,11,150.61324324715878,-34.158933393920265
11235740000,0,12,150.61321715716943,-34.15888120391752
11235740000,0,13,150.61320264718185,-34.15880290391566
11235740000,0,14,150.61318814719579,-34.15871300391373
11235740000,0,15,150.61315625732271,-34.15778499390436
11235740000,0,16,150.6131591473303,-34.15772409390419
11235740000,0,17,150.61316784733515,-34.157677693904674
11235740000,0,18,150.61317364734307,-34.15761099390474
11235740000,0,19,150.61319104735432,-34.157506603905595
11235740000,0,20,150.61322875737406,-34.157315193907685
11235740000,0,21,150.61329171741008,-34.15697236391105
11235740000,0,22,150.61342601738812,-34.1569906839234
11235740000,0,23,150.6136951973421,-34.157042773948255
11235740000,0,24,150.61395135728833,-34.15716868397246
11235740000,0,25,150.6140582672591,-34.15727244398291
11235740000,0,26,150.61418146722227,-34.15741615399513
11235740000,0,27,150.61462864707036,-34.15807608404043
11235740000,0,28,150.6147285070307,-34.15826711405085
11235740000,0,29,150.61473675701595,-34.15836980405231
11235750000,0,0,151.065666636419,-33.74823775263926
11235750000,0,1,151.06551091643803,-33.748261462624974
11235750000,0,2,151.0654950764138,-33.74846037262492
11235750000,0,3,151.06514263645687,-33.748514282592566
11235750000,0,4,151.06505979651902,-33.74813569258222
11235750000,0,5,151.06497761658008,-33.74776473257199
11235750000,0,6,151.06495715659577,-33.74766868256941
11235750000,0,7,151.06554111652434,-33.74758004262299
11235750000,0,8,151.06556011650983,-33.74766875262538
11235750000,0,9,151.06566022642485,-33.748200502638404
11235750000,0,10,151.065666636419,-33.74823775263926
11235760000,0,0,150.9508175501336,-33.69272020161495
11235760000,0,1,150.9500216302126,-33.69297955154327
11235760000,0,2,150.94923495029266,-33.6932204714723
11235760000,0,3,150.94884744033138,-33.693344801437384
11235760000,0,4,150.9487424403432,-33.693368351427864
11235760000,0,5,150.94866762035417,-33.69336609142093
11235760000,0,6,150.94861234036404,-33.69335080141572
11235760000,0,7,150.9485521303786,-33.69330531140984
11235760000,0,8,150.94831410048457,-33.692760091384024
11235760000,0,9,150.9480420606127,-33.692083481354146
11235760000,0,10,150.94944275046956,-33.6916582914805
11235760000,0,11,150.94944384046948,-33.691657961480615
11235760000,0,12,150.95021623039054,-33.691423491550296
11235760000,0,13,150.9508175501336,-33.69272020161495
11235770000,0,0,150.9161844189794,-33.663032328209695
11235770000,0,1,150.91600414901717,-33.66294048819242
11235770000,0,2,150.91569481908076,-33.662791778162855
11235770000,0,3,150.91560559909658,-33.66276797815445
11235770000,0,4,150.91551636911004,-33.66276203814618
11235770000,0,5,150.91533789913777,-33.66274418812959
11235770000,0,6,150.9151838991607,-33.66273661811534
11235770000,0,7,150.9149750291917,-33.662726338096014
11235770000,0,8,150.91439816927704,-33.66270131804262
11235770000,0,9,150.91360443939578,-33.662656337969125
11235770000,0,10,150.91342805942253,-33.66264354795277
11235770000,0,11,150.9133606394151,-33.66277275794746
11235770000,0,12,150.91282094940084,-33.66346253790255
11235770000,0,13,150.91271631939776,-33.66359877789386
11235770000,0,14,150.91221334950717,-33.66331127784545
11235770000,0,15,150.91193949958176,-33.663041047818304
11235770000,0,16,150.91087891986948,-33.6620025477132
11235770000,0,17,150.91076499990265,-33.661873877701794
11235770000,0,18,150.91108127987317,-33.66175632773012
11235770000,0,19,150.91257299973975,-33.661159797863476
11235770000,0,20,150.913027529698,-33.66098656790417
11235770000,0,21,150.9133573396689,-33.660851757933635
11235770000,0,22,150.91376117963063,-33.66070678796986
11235770000,0,23,150.91388797961807,-33.66066536798125
11235770000,0,24,150.91406836959402,-33.66065311799781
11235770000,0,25,150.91430477955845,-33.660667958019694
11235770000,0,26,150.91451705952144,-33.66071971803966
11235770000,0,27,150.9146361194987,-33.66076373805093
11235770000,0,28,150.91475777947392,-33.660820698062565
11235770000,0,29,150.9152787393624,-33.6611048581126
11235770000,0,30,150.9154458793264,-33.661197598128666
11235770000,0,31,150.9155459193088,-33.661223048138076
11235770000,0,32,150.91567227929085,-33.66122304814972
11235770000,0,33,150.91643122919734,-33.661113728218965
11235770000,0,34,150.9165887990508,-33.66205544824012
11235770000,0,35,150.91662875901622,-33.662274248245346
11235770000,0,36,150.916599018993,-33.662482448244056
11235770000,0,37,150.91653357898505,-33.66261331823894
11235770000,0,38,150.9161844189794,-33.663032328209695
11235780000,0,0,150.95145499926355,-33.69861554171529
11235780000,0,1,150.9514926792651,-33.6985630417184
11235780000,0,2,150.95215381928224,-33.697721721773554
11235780000,0,3,150.9523073592812,-33.69756440178663
11235780000,0,4,150.95238486927735,-33.69750994179341
11235780000,0,5,150.95246748927005,-33.697476211800804
11235780000,0,6,150.95255960926033,-33.69745076180912
11235780000,0,7,150.95437568907536,-33.696894821972975
11235780000,0,8,150.9550699387662,-33.6984858320483
11235780000,0,9,150.9539783688795,-33.69880408194971
11235780000,0,10,150.95377015888116,-33.69901526193196
11235780000,0,11,150.95374041888226,-33.699039051929375
11235780000,0,12,150.9536958088882,-33.69904203192528
11235780000,0,13,150.95362965889944,-33.69902854191906
11235780000,0,14,150.95360657890367,-33.699021201916885
11235780000,0,15,150.95350029892376,-33.698983701906805
11235780000,0,16,150.95337099893695,-33.69902324189514
11235780000,0,17,150.95216046906094,-33.699388201785894
11235780000,0,18,150.95193016908468,-33.6994568317651
11235780000,0,19,150.95183179909648,-33.69947349175613
11235780000,0,20,150.95167119915115,-33.6992328017396
11235780000,0,21,150.95157308923112,-33.69873358172704
11235780000,0,22,150.95145499926355,-33.69861554171529
11235790000,0,0,150.95449750850324,-33.701090792013744
11235790000,0,1,150.9544631585182,-33.70101456201003
11235790000,0,2,150.95443541852822,-33.70096847200715
11235790000,0,3,150.95452808852028,-33.70092890201543
11235790000,0,4,150.95384349865168,-33.70067188195038
11235790000,0,5,150.95360836869708,-33.700581881928024
11235790000,0,6,150.952586838893,-33.70019946183097
11235790000,0,7,150.9525364388948,-33.700240141826605
11235790000,0,8,150.95183179909648,-33.69947349175613
11235790000,0,9,150.95193016908468,-33.6994568317651
11235790000,0,10,150.95216046906094,-33.699388201785894
11235790000,0,11,150.95337099893695,-33.69902324189514
11235790000,0,12,150.95350029892376,-33.698983701906805
11235790000,0,13,150.95360657890367,-33.699021201916885
11235790000,0,14,150.95362965889944,-33.69902854191906
11235790000,0,15,150.9536958088882,-33.69904203192528
11235790000,0,16,150.95374041888226,-33.699039051929375
11235790000,0,17,150.95377015888116,-33.69901526193196
11235790000,0,18,150.9539783688795,-33.69880408194971
11235790000,0,19,150.9550699387662,-33.6984858320483
11235790000,0,20,150.9558373186853,-33.698271682117685
11235790000,0,21,150.95605443859776,-33.69869998214075
11235790000,0,22,150.95614366855634,-33.69891710215053
11235790000,0,23,150.95675052827843,-33.70036554221678
11235790000,0,24,150.95677013827103,-33.70040039221883
11235790000,0,25,150.95637214831171,-33.700520992182916
11235790000,0,26,150.9556133483893,-33.700750892114435
11235790000,0,27,150.95449750850324,-33.701090792013744
11235800000,0,0,152.70529733007487,-31.469913163658713
11235800000,0,1,152.70529535008842,-31.4698145936578
11235800000,0,2,152.70604835052515,-31.465867013703345
11235800000,0,3,152.70605680052515,-31.465858943704106
11235800000,0,4,152.70605007052615,-31.465857993703434
11235800000,0,5,152.7061448505807,-31.465364083709193
11235800000,0,6,152.70619200060847,-31.46511363371202
11235800000,0,7,152.70625623059826,-31.465128803718496
11235800000,0,8,152.70677516052334,-31.465191183770457
11235800000,0,9,152.7066958105201,-31.46529036376332
11235800000,0,10,152.70666004050398,-31.465443723760902
11235800000,0,11,152.70662615049406,-31.465549143758313
11235800000,0,12,152.70650150048297,-31.465749583747428
11235800000,0,13,152.70646072048015,-31.465809103743823
11235800000,0,14,152.7064328004634,-31.46595949374216
11235800000,0,15,152.70633397040788,-31.466464373736088
11235800000,0,16,152.70627780037324,-31.46677408373281
11235800000,0,17,152.7062207003259,-31.467178583730135
11235800000,0,18,152.70613980029128,-31.467511703724576
11235800000,0,19,152.7060589002509,-31.467887663719313
11235800000,0,20,152.70623139022527,-31.46791387373662
11235800000,0,21,152.70742960004938,-31.468079243856742
11235800000,0,22,152.70755702002756,-31.468119903869685
11235800000,0,23,152.70830825991993,-31.468204293944858
11235800000,0,24,152.7081706499195,-31.468338013932197
11235800000,0,25,152.7078868699385,-31.468466513904986
11235800000,0,26,152.70763304993156,-31.46875888388196
11235800000,0,27,152.70729899979577,-31.470080613858567
11235800000,0,28,152.70726833974228,-31.47050582385868
11235800000,0,29,152.70656355986674,-31.47025303378687
11235800000,0,30,152.70530062005233,-31.470077023660256
11235800000,0,31,152.70529733007487,-31.469913163658713
11235810000,0,0,152.70633397040788,-31.466464373736088
11235810000,0,1,152.7064328004634,-31.46595949374216
11235810000,0,2,152.70646072048015,-31.465809103743823
11235810000,0,3,152.70650150048297,-31.465749583747428
11235810000,0,4,152.70662615049406,-31.465549143758313
11235810000,0,5,152.70666004050398,-31.465443723760902
11235810000,0,6,152.7066958105201,-31.46529036376332
11235810000,0,7,152.70677516052334,-31.465191183770457
11235810000,0,8,152.70625623059826,-31.465128803718496
11235810000,0,9,152.70619200060847,-31.46511363371202
11235810000,0,10,152.70631591068008,-31.464465973719538
11235810000,0,11,152.70635255070533,-31.464244443721526
11235810000,0,12,152.71077354017132,-31.46400544415848
11235810000,0,13,152.71112464012248,-31.464033894193538
11235810000,0,14,152.71118720009443,-31.464182054200847
11235810000,0,15,152.7109952401072,-31.464269524182445
11235810000,0,16,152.71080734011954,-31.464356574164437
11235810000,0,17,152.710412700157,-31.464453604125982
11235810000,0,18,152.7102339301654,-31.464560694109036
11235810000,0,19,152.70971329016325,-31.46507035406114
11235810000,0,20,152.7093452601761,-31.46532439402648
11235810000,0,21,152.70921977016644,-31.465514744015437
11235810000,0,22,152.70916681016294,-31.46559085401075
11235810000,0,23,152.70911082015925,-31.465671234005782
11235810000,0,24,152.70907414010443,-31.466111864005395
11235810000,0,25,152.7090808200512,-31.46649973400893
11235810000,0,26,152.70913035000783,-31.46677409401586
11235810000,0,27,152.70909113000366,-31.466841934012482
11235810000,0,28,152.70793867017204,-31.466688423896983
11235810000,0,29,152.70633397040788,-31.466464373736088
11235820000,0,0,151.7833504259209,-32.92715937443836
11235820000,0,1,151.78321232588831,-32.9275425244279
11235820000,0,2,151.78276190596512,-32.92743030438402
11235820000,0,3,151.7827848159731,-32.927347544385626
11235820000,0,4,151.7828473859878,-32.92717462439036
11235820000,0,5,151.78285421598892,-32.92715936439092
11235820000,0,6,151.78289365599863,-32.92704678439389
11235820000,0,7,151.78324872593836,-32.92713302442845
11235820000,0,8,151.7833504259209,-32.92715937443836
11235830000,0,0,150.9557107191657,-33.6947748920814
11235830000,0,1,150.9561542591203,-33.694640692121425
11235830000,0,2,150.95646270908938,-33.69454260214924
11235830000,0,3,150.9565934390767,-33.694497642161
11235830000,0,4,150.9572503187821,-33.696018932232384
11235830000,0,5,150.9563418188748,-33.69629575215039
11235830000,0,6,150.95629264889902,-33.69616527214494
11235830000,0,7,150.95611864897094,-33.695808582126354
11235830000,0,8,150.95602641901326,-33.695587872116285
11235830000,0,9,150.95574117915064,-33.69485590208479
11235830000,0,10,150.9557107191657,-33.6947748920814
11235840000,0,0,150.8243088829924,-33.95924954183033
11235840000,0,1,150.8239689330897,-33.958883781796544
11235840000,0,2,150.8236613631814,-33.95852527176579
11235840000,0,3,150.8236488031869,-33.95849762176443
11235840000,0,4,150.82363874319265,-33.95846494176329
11235840000,0,5,150.82362366319947,-33.958429741761655
11235840000,0,6,150.82360104320674,-33.958399581759366
11235840000,0,7,150.82303008337672,-33.957736031702275
11235840000,0,8,150.82268555339255,-33.957991341672404
11235840000,0,9,150.8225567533961,-33.95810454166137
11235840000,0,10,150.82247934338795,-33.95825026165529
11235840000,0,11,150.82239198336327,-33.95853195164922
11235840000,0,12,150.8222160433932,-33.95849722163282
11235840000,0,13,150.8219292334491,-33.95838665160571
11235840000,0,14,150.82095158364748,-33.95795095151285
11235840000,0,15,150.82136447368168,-33.95724328154583
11235840000,0,16,150.82174056370843,-33.95663165157609
11235840000,0,17,150.82176148372807,-33.95646029157682
11235840000,0,18,150.8217994737431,-33.95630528157922
11235840000,0,19,150.82211148391423,-33.95467228159647
11235840000,0,20,150.82272646381765,-33.95473328165338
11235840000,0,21,150.82274048380333,-33.95482628165532
11235840000,0,22,150.8227584737884,-33.95491927165763
11235840000,0,23,150.8227824537729,-33.95501028166046
11235840000,0,24,150.82281447375672,-33.95509828166402
11235840000,0,25,150.82287046373406,-33.95520828166995
11235840000,0,26,150.82293948371014,-33.95531429167702
11235840000,0,27,150.82302047368483,-33.955417281685186
11235840000,0,28,150.82310647365912,-33.95551829169379
11235840000,0,29,150.82319348363373,-33.95561528170246
11235840000,0,30,150.82324546361912,-33.95566928170761
11235840000,0,31,150.8232984636045,-33.955722291712846
11235840000,0,32,150.82365448350788,-33.956065281747954
11235840000,0,33,150.82385245345492,-33.95625028176743
11235840000,0,34,150.82395046342822,-33.9563452717771
11235840000,0,35,150.82402046340871,-33.95641628178403
11235840000,0,36,150.82422548335026,-33.956635281804395
11235840000,0,37,150.8242944733308,-33.956707281811234
11235840000,0,38,150.82441547329807,-33.956823281823155
11235840000,0,39,150.82485347318024,-33.9572372918663
11235840000,0,40,150.82493446315758,-33.95732028187432
11235840000,0,41,150.82500947313542,-33.95740629188182
11235840000,0,42,150.82507349311538,-33.95748828188826
11235840000,0,43,150.82513346309548,-33.95757329189438
11235840000,0,44,150.8251904730759,-33.95765927190021
11235840000,0,45,150.8252424830566,-33.957748281905616
11235840000,0,46,150.8252914730377,-33.95783828191074
11235840000,0,47,150.82533848302126,-33.95791128191556
11235840000,0,48,150.8253804530041,-33.95799529192001
11235840000,0,49,150.82548546295786,-33.9582302819313
11235840000,0,50,150.82553448293734,-33.958332281936514
11235840000,0,51,150.82557146291165,-33.95848628194099
11235840000,0,52,150.8243088829924,-33.95924954183033
11235850000,0,0,150.82354513304122,-33.959711251763395
11235850000,0,1,150.8233627530957,-33.959498101745154
11235850000,0,2,150.82288626323756,-33.958944311697515
11235850000,0,3,150.82270881328904,-33.95874837167983
11235850000,0,4,150.82260446331637,-33.95865511166961
11235850000,0,5,150.82239198336327,-33.95853195164922
11235850000,0,6,150.82247934338795,-33.95825026165529
11235850000,0,7,150.8225567533961,-33.95810454166137
11235850000,0,8,150.82268555339255,-33.957991341672404
11235850000,0,9,150.82303008337672,-33.957736031702275
11235850000,0,10,150.82360104320674,-33.958399581759366
11235850000,0,11,150.82362366319947,-33.958429741761655
11235850000,0,12,150.82363874319265,-33.95846494176329
11235850000,0,13,150.8236488031869,-33.95849762176443
11235850000,0,14,150.8236613631814,-33.95852527176579
11235850000,0,15,150.8239689330897,-33.958883781796544
11235850000,0,16,150.8243088829924,-33.95924954183033
11235850000,0,17,150.82354513304122,-33.959711251763395
11235860000,0,0,150.82176200315533,-33.96078920160712
11235860000,0,1,150.8213771332342,-33.96061219157053
11235860000,0,2,150.82120148327107,-33.960524361553794
11235860000,0,3,150.82144102328908,-33.96012750157301
11235860000,0,4,150.8216756633056,-33.959747111591916
11235860000,0,5,150.8219193833234,-33.9593476316115
11235860000,0,6,150.8221603933377,-33.958977251631055
11235860000,0,7,150.8222576633449,-33.95881690163887
11235860000,0,8,150.8223529733499,-33.95867553164665
11235860000,0,9,150.82239198336327,-33.95853195164922
11235860000,0,10,150.82260446331637,-33.95865511166961
11235860000,0,11,150.82270881328904,-33.95874837167983
11235860000,0,12,150.82288626323756,-33.958944311697515
11235860000,0,13,150.8233627530957,-33.959498101745154
11235860000,0,14,150.82354513304122,-33.959711251763395
11235860000,0,15,150.8225923831022,-33.96028721167989
11235860000,0,16,150.82176200315533,-33.96078920160712
11235870000,0,0,150.82176200315533,-33.96078920160712
11235870000,0,1,150.82127247318667,-33.96108513156423
11235870000,0,2,150.82094311320773,-33.96128424153536
11235870000,0,3,150.820130483259,-33.9617812814642
11235870000,0,4,150.81910347332087,-33.96243127137441
11235870000,0,5,150.81895547337507,-33.962182281359084
11235870000,0,6,150.81862448345447,-33.96194228132699
11235870000,0,7,150.81883348347216,-33.96158127134367
11235870000,0,8,150.82079879363482,-33.958212831500646
11235870000,0,9,150.8214066035144,-33.95846186155822
11235870000,0,10,150.82181222343303,-33.95863558159668
11235870000,0,11,150.82155520341476,-33.959053251575995
11235870000,0,12,150.82085997335818,-33.96023750152042
11235870000,0,13,150.82080988335272,-33.96033312151649
11235870000,0,14,150.82081284334893,-33.96035878151694
11235870000,0,15,150.82084175334214,-33.96037865151972
11235870000,0,16,150.82107398329606,-33.96047427154173
11235870000,0,17,150.82120148327107,-33.960524361553794
11235870000,0,18,150.8213771332342,-33.96061219157053
11235870000,0,19,150.82176200315533,-33.96078920160712
11235880000,0,0,150.82120148327107,-33.960524361553794
11235880000,0,1,150.82107398329606,-33.96047427154173
11235880000,0,2,150.82084175334214,-33.96037865151972
11235880000,0,3,150.82081284334893,-33.96035878151694
11235880000,0,4,150.82080988335272,-33.96033312151649
11235880000,0,5,150.82085997335818,-33.96023750152042
11235880000,0,6,150.82155520341476,-33.959053251575995
11235880000,0,7,150.82181222343303,-33.95863558159668
11235880000,0,8,150.8214066035144,-33.95846186155822
11235880000,0,9,150.82079879363482,-33.958212831500646
11235880000,0,10,150.82094715364713,-33.95795855151248
11235880000,0,11,150.82095158364748,-33.95795095151285
11235880000,0,12,150.8219292334491,-33.95838665160571
11235880000,0,13,150.8222160433932,-33.95849722163282
11235880000,0,14,150.82239198336327,-33.95853195164922
11235880000,0,15,150.8223529733499,-33.95867553164665
11235880000,0,16,150.8222576633449,-33.95881690163887
11235880000,0,17,150.8221603933377,-33.958977251631055
11235880000,0,18,150.8219193833234,-33.9593476316115
11235880000,0,19,150.8216756633056,-33.959747111591916
11235880000,0,20,150.82144102328908,-33.96012750157301
11235880000,0,21,150.82120148327107,-33.960524361553794
11235890000,0,0,150.7753106524294,-34.01690779773645
11235890000,0,1,150.77561036237694,-34.0169773677644
11235890000,0,2,150.7760187223012,-34.01710456780274
11235890000,0,3,150.77624596225525,-34.01720378782426
11235890000,0,4,150.77616302224422,-34.017377697817864
11235890000,0,5,150.77596313222546,-34.01773784780205
11235890000,0,6,150.7756599422006,-34.018256837777884
11235890000,0,7,150.77547088219492,-34.01850631776229
11235890000,0,8,150.7751031421857,-34.01897748773185
11235890000,0,9,150.7749055322246,-34.01889887771321
11235890000,0,10,150.7745873722748,-34.018866637683814
11235890000,0,11,150.77418432233367,-34.01886146764683
11235890000,0,12,150.77387875238227,-34.01882755761858
11235890000,0,13,150.77378948239644,-34.01881764761032
11235890000,0,14,150.77386860244053,-34.01839790761465
11235890000,0,15,150.77387484247484,-34.01813155761336
11235890000,0,16,150.77385708255127,-34.01757284760785
11235890000,0,17,150.77388638256554,-34.017432847609534
11235890000,0,18,150.77403264259883,-34.01702142762008
11235890000,0,19,150.7740969126265,-34.01674180762401
11235890000,0,20,150.7744111225774,-34.01677035765303
11235890000,0,21,150.77512495246208,-34.01686314771911
11235890000,0,22,150.7753106524294,-34.01690779773645
11235900000,0,0,150.76904870339376,-34.016449787159246
11235900000,0,1,150.7689659133669,-34.01674346715372
11235900000,0,2,150.76893379331256,-34.01718961715389
11235900000,0,3,150.76894093323136,-34.01779638715879
11235900000,0,4,150.7689480731643,-34.01829605716292
11235900000,0,5,150.7689503931149,-34.01866720716573
11235900000,0,6,150.76894725309677,-34.018807787166416
11235900000,0,7,150.7689458030699,-34.01901244716771
11235900000,0,8,150.76882672308554,-34.01902417715689
11235900000,0,9,150.76857331312024,-34.01903845713375
11235900000,0,10,150.7683306031529,-34.01905630711164
11235900000,0,11,150.76805220319406,-34.019049167086074
11235900000,0,12,150.76804864320775,-34.01894922708505
11235900000,0,13,150.76805220327708,-34.01842098708168
11235900000,0,14,150.76804864337666,-34.01767145707614
11235900000,0,15,150.7680414934461,-34.01715392707187
11235900000,0,16,150.76803435347827,-34.01691835706957
11235900000,0,17,150.76804864350495,-34.016700637069356
11235900000,0,18,150.76809146352096,-34.0165328870721
11235900000,0,19,150.76818069353115,-34.016357997079055
11235900000,0,20,150.76828119354013,-34.01618044708703
11235900000,0,21,150.7683934635158,-34.01624211709776
11235900000,0,22,150.7688673634263,-34.0164019071423
11235900000,0,23,150.76904870339376,-34.016449787159246
11235910000,0,0,150.76733309360924,-34.01669315700373
11235910000,0,1,150.76640079385604,-34.01584383691237
11235910000,0,2,150.7660500839436,-34.01556434687827
11235910000,0,3,150.76550182408542,-34.01509029682472
11235910000,0,4,150.76503888420092,-34.01472167677972
11235910000,0,5,150.76511778419922,-34.01464836678644
11235910000,0,6,150.7656623541875,-34.014142366832814
11235910000,0,7,150.76571108418645,-34.01409708683697
11235910000,0,8,150.76571208418642,-34.014096156837056
11235910000,0,9,150.76709061382934,-34.01529257697173
11235910000,0,10,150.76750803371874,-34.01567336701265
11235910000,0,11,150.76769821367205,-34.01581921703108
11235910000,0,12,150.76788663362572,-34.01596371704937
11235910000,0,13,150.76828119354013,-34.01618044708703
11235910000,0,14,150.76818069353115,-34.016357997079055
11235910000,0,15,150.76809146352096,-34.0165328870721
11235910000,0,16,150.76804864350495,-34.016700637069356
11235910000,0,17,150.76803435347827,-34.01691835706957
11235910000,0,18,150.76779521351372,-34.01691121704759
11235910000,0,19,150.76758179355159,-34.01685772702767
11235910000,0,20,150.76733309360924,-34.01669315700373
11235920000,0,0,150.76993146324423,-34.01661700724134
11235920000,0,1,150.76984326320533,-34.01700773723598
11235920000,0,2,150.76985040295332,-34.018906547249884
11235920000,0,3,150.76929785302366,-34.018977787199745
11235920000,0,4,150.7689458030699,-34.01901244716771
11235920000,0,5,150.76894725309677,-34.018807787166416
11235920000,0,6,150.7689503931149,-34.01866720716573
11235920000,0,7,150.7689480731643,-34.01829605716292
11235920000,0,8,150.76894093323136,-34.01779638715879
11235920000,0,9,150.76893379331256,-34.01718961715389
11235920000,0,10,150.7689659133669,-34.01674346715372
11235920000,0,11,150.76904870339376,-34.016449787159246
11235920000,0,12,150.7694729933219,-34.01653044719871
11235920000,0,13,150.76993146324423,-34.01661700724134
11235930000,0,0,152.70633397040788,-31.466464373736088
11235930000,0,1,152.70793867017204,-31.466688423896983
11235930000,0,2,152.70909113000366,-31.466841934012482
11235930000,0,3,152.70839548993027,-31.468045103952335
11235930000,0,4,152.70830825991993,-31.468204293944858
11235930000,0,5,152.70755702002756,-31.468119903869685
11235930000,0,6,152.70742960004938,-31.468079243856742
11235930000,0,7,152.70623139022527,-31.46791387373662
11235930000,0,8,152.7060589002509,-31.467887663719313
11235930000,0,9,152.70613980029128,-31.467511703724576
11235930000,0,10,152.7062207003259,-31.467178583730135
11235930000,0,11,152.70627780037324,-31.46677408373281
11235930000,0,12,152.70633397040788,-31.466464373736088
11235940000,0,0,151.82310351025183,-32.85448937772216
11235940000,0,1,151.82083309917988,-32.864768367578435
11235940000,0,2,151.8164954798543,-32.86416235715867
11235940000,0,3,151.81661048986265,-32.863983367168395
11235940000,0,4,151.81800949980948,-32.86295636729501
11235940000,0,5,151.8179114898361,-32.86285836728492
11235940000,0,6,151.8180004798496,-32.862667377292055
11235940000,0,7,151.81842946988965,-32.861933367327886
11235940000,0,8,151.8184954898895,-32.86186735733374
11235940000,0,9,151.8186654698891,-32.861697367348796
11235940000,0,10,151.81892848988664,-32.8614483773722
11235940000,0,11,151.8191014698966,-32.86119836738698
11235940000,0,12,151.81910146993937,-32.860880367384695
11235940000,0,13,151.81892149007385,-32.86006336736158
11235940000,0,14,151.81884928008336,-32.86006587735471
11235940000,0,15,151.81884373010053,-32.859943777353294
11235940000,0,16,151.81885135012354,-32.85976484735273
11235940000,0,17,151.8188996301762,-32.8593242473542
11235940000,0,18,151.8194585800902,-32.85939554740823
11235940000,0,19,151.81961467016487,-32.858681707418064
11235940000,0,20,151.81963965020714,-32.85834196741802
11235940000,0,21,151.81963883022425,-32.85821540741704
11235940000,0,22,151.8196273702501,-32.85803483741464
11235940000,0,23,151.81960325027802,-32.85785175741102
11235940000,0,24,151.8195651803375,-32.85744820740447
11235940000,0,25,151.81950807037575,-32.85722167739738
11235940000,0,26,151.81935388044056,-32.85689616738027
11235940000,0,27,151.81904148059766,-32.856044957344245
11235940000,0,28,151.81898840070136,-32.85532761733402
11235940000,0,29,151.81826049080988,-32.85526051726382
11235940000,0,30,151.8174488009253,-32.85522680718586
11235940000,0,31,151.81733419093388,-32.85527938717526
11235940000,0,32,151.81724774093803,-32.855336467167376
11235940000,0,33,151.8171808609358,-32.85542129716158
11235940000,0,34,151.8171531409321,-32.85547675715933
11235940000,0,35,151.81713193092622,-32.85554199715778
11235940000,0,36,151.8170518108805,-32.855963557153125
11235940000,0,37,151.81701563086355,-32.85612634715082
11235940000,0,38,151.81695260081995,-32.85651503714758
11235940000,0,39,151.81696363078706,-32.85674812715032
11235940000,0,40,151.81682344080016,-32.8567933471372
11235940000,0,41,151.8166204708177,-32.856869257118305
11235940000,0,42,151.81640715083836,-32.856932587098335
11235940000,0,43,151.81637386085254,-32.85686067709464
11235940000,0,44,151.81633740086474,-32.85680720709075
11235940000,0,45,151.8162790608825,-32.85673427708465
11235940000,0,46,151.81600681095793,-32.856449877056534
11235940000,0,47,151.81486618127337,-32.855262496938785
11235940000,0,48,151.81478964129587,-32.85517300693082
11235940000,0,49,151.8147476513087,-32.855120216926416
11235940000,0,50,151.81468201133305,-32.85500596691931
11235940000,0,51,151.81464798135073,-32.85490873691536
11235940000,0,52,151.81463583136613,-32.85480663691346
11235940000,0,53,151.81463826137727,-32.854721556913084
11235940000,0,54,151.8146552713857,-32.854641336914135
11235940000,0,55,151.8146990213954,-32.85452466691749
11235940000,0,56,151.81472576140578,-32.8544201369193
11235940000,0,57,151.81474035141656,-32.854325326920026
11235940000,0,58,151.81474765142892,-32.854225666919994
11235940000,0,59,151.81473792144268,-32.85413329691842
11235940000,0,60,151.8147209114607,-32.85401661691595
11235940000,0,61,151.81468201148104,-32.853904806911416
11235940000,0,62,151.81464069149914,-32.853812426906785
11235940000,0,63,151.8145167215438,-32.85360580689344
11235940000,0,64,151.81440680158485,-32.85341219688153
11235940000,0,65,151.81411205168877,-32.85293856684991
11235940000,0,66,151.81585519154717,-32.852220167011666
11235940000,0,67,151.81749996141303,-32.851546247164336
11235940000,0,68,151.82015453119766,-32.85045076741071
11235940000,0,69,151.82156434108376,-32.84986546754155
11235940000,0,70,151.82440444085367,-32.84869123780517
11235940000,0,71,151.82433436082476,-32.84897755780052
11235940000,0,72,151.82310351025183,-32.85448937772216
11235950000,0,0,150.77285443298854,-34.015360077500475
11235950000,0,1,150.77277498299514,-34.015396647493446
11235950000,0,2,150.7723883230258,-34.01558700745933
11235950000,0,3,150.77226935303588,-34.015640547448804
11235950000,0,4,150.77216228304192,-34.01571192743949
11235950000,0,5,150.77209089303724,-34.01582495743373
11235950000,0,6,150.77206115302897,-34.01592013743167
11235950000,0,7,150.77207004292546,-34.01669348743789
11235950000,0,8,150.77122189304856,-34.016688387360105
11235950000,0,9,150.77069859312522,-34.01667982731208
11235950000,0,10,150.7705349731482,-34.016684697297116
11235950000,0,11,150.77040148316982,-34.01666713728476
11235950000,0,12,150.7704461232223,-34.016221017285744
11235950000,0,13,150.77047921323128,-34.01611702728805
11235950000,0,14,150.77052175324138,-34.01599412729109
11235950000,0,15,150.7705690232514,-34.01586650729453
11235950000,0,16,150.770625743257,-34.01576251729901
11235950000,0,17,150.7707013732592,-34.015663257305235
11235950000,0,18,150.77081009325786,-34.01555454731445
11235950000,0,19,150.77089990325615,-34.01546945732209
11235950000,0,20,150.77101807325096,-34.015379647332296
11235950000,0,21,150.771178783239,-34.015294577346424
11235950000,0,22,150.77133003322658,-34.01522366735979
11235950000,0,23,150.77146711321302,-34.01517639737204
11235950000,0,24,150.7716750931893,-34.01512913739077
11235950000,0,25,150.7718452631697,-34.015091317406096
11235950000,0,26,150.77199652315596,-34.015029867419535
11235950000,0,27,150.77211468314766,-34.0149636974299
11235950000,0,28,150.7722470331392,-34.01488333744147
11235950000,0,29,150.77228005313788,-34.01485722744431
11235950000,0,30,150.77232053312716,-34.01489427744829
11235950000,0,31,150.77242784310002,-34.01498222745874
11235950000,0,32,150.7727738430092,-34.01529160749261
11235950000,0,33,150.77285443298854,-34.015360077500475
11235960000,0,0,150.77285443298854,-34.015360077500475
11235960000,0,1,150.77287973298644,-34.01534842750271
11235960000,0,2,150.7729826229778,-34.01530105751182
11235960000,0,3,150.77306707294804,-34.01543412752049
11235960000,0,4,150.77346205284636,-34.01577200755906
11235960000,0,5,150.7735768528182,-34.015859597570184
11235960000,0,6,150.7736020328193,-34.015823617572245
11235960000,0,7,150.77363441281847,-34.01579483757501
11235960000,0,8,150.77377112281204,-34.01569409758683
11235960000,0,9,150.77386827280563,-34.01563653759535
11235960000,0,10,150.7739215427906,-34.01569232760062
11235960000,0,11,150.77395995278053,-34.01572622760437
11235960000,0,12,150.77399158277362,-34.0157442976074
11235960000,0,13,150.77407065276037,-34.01575784761474
11235960000,0,14,150.77571629248965,-34.01600907776735
11235960000,0,15,150.7756419524821,-34.01614741776151
11235960000,0,16,150.77546567246614,-34.01646041774754
11235960000,0,17,150.77536484244808,-34.01670688774001
11235960000,0,18,150.77533910243778,-34.01681318773839
11235960000,0,19,150.7753106524294,-34.01690779773645
11235960000,0,20,150.77512495246208,-34.01686314771911
11235960000,0,21,150.7744111225774,-34.01677035765303
11235960000,0,22,150.7740969126265,-34.01674180762401
11235960000,0,23,150.77391242265819,-34.01670354760684
11235960000,0,24,150.77323328275872,-34.01668469754445
11235960000,0,25,150.77295442279757,-34.01669538751897
11235960000,0,26,150.7727621528248,-34.01669897750137
11235960000,0,27,150.77207004292546,-34.01669348743789
11235960000,0,28,150.77206115302897,-34.01592013743167
11235960000,0,29,150.77209089303724,-34.01582495743373
11235960000,0,30,150.77216228304192,-34.01571192743949
11235960000,0,31,150.77226935303588,-34.015640547448804
11235960000,0,32,150.7723883230258,-34.01558700745933
11235960000,0,33,150.77277498299514,-34.015396647493446
11235960000,0,34,150.77285443298854,-34.015360077500475
11235970000,0,0,150.7733465734783,-34.01111743751598
11235970000,0,1,150.77330716347257,-34.011204007512966
11235970000,0,2,150.77323240345413,-34.01142469750764
11235970000,0,3,150.77322570344873,-34.01147301750738
11235970000,0,4,150.7730592434552,-34.01160559749304
11235970000,0,5,150.77306495341773,-34.0118832174955
11235970000,0,6,150.77309649338952,-34.012062187499644
11235970000,0,7,150.77313530336684,-34.01219124750409
11235970000,0,8,150.77324558332379,-34.01239661751564
11235970000,0,9,150.7734015132749,-34.01259626753134
11235970000,0,10,150.77350157324716,-34.012696747541206
11235970000,0,11,150.7736359632162,-34.01278423755414
11235970000,0,12,150.77404658311067,-34.01313446759423
11235970000,0,13,150.77408465309543,-34.01320823759822
11235970000,0,14,150.7740560930926,-34.01326058759597
11235970000,0,15,150.7739985530948,-34.013306997591016
11235970000,0,16,150.77332289312983,-34.01377974753238
11235970000,0,17,150.77301172316066,-34.013885957504606
11235970000,0,18,150.77281198318323,-34.01393351748662
11235970000,0,19,150.77280952319236,-34.01386707748593
11235970000,0,20,150.77279062320818,-34.013767817483526
11235970000,0,21,150.77275752323172,-34.01362600747948
11235970000,0,22,150.77269607326494,-34.01344166747258
11235970000,0,23,150.77235662342625,-34.012591767435524
11235970000,0,24,150.77228680346545,-34.01237157742759
11235970000,0,25,150.77221941350373,-34.0121555174199
11235970000,0,26,150.77219264352726,-34.012006797416404
11235970000,0,27,150.77216885354406,-34.01190567741352
11235970000,0,28,150.7721777735636,-34.011748037413234
11235970000,0,29,150.7721777735722,-34.01168303741279
11235970000,0,30,150.7721919935867,-34.01155793741321
11235970000,0,31,150.77220033359433,-34.01149121741351
11235970000,0,32,150.77221145359965,-34.01143839741416
11235970000,0,33,150.7722796636215,-34.011198837418746
11235970000,0,34,150.77234730363625,-34.01101337742365
11235970000,0,35,150.77243951364736,-34.01082896743082
11235970000,0,36,150.77272331359552,-34.0109110274574
11235970000,0,37,150.77328790348932,-34.011098007510455
11235970000,0,38,150.7733465734783,-34.01111743751598
11235980000,0,0,151.14888742585694,-33.8881596213597
11235980000,0,1,151.14884925584056,-33.888322931357266
11235980000,0,2,151.14871041578087,-33.888916971348515
11235980000,0,3,151.14858050572502,-33.8894727613403
11235980000,0,4,151.1475886258882,-33.8893150712468
11235980000,0,5,151.14780484598307,-33.888375431260364
11235980000,0,6,151.14795392604873,-33.887725791269695
11235980000,0,7,151.1480025460408,-33.887732901274276
11235980000,0,8,151.14826570599737,-33.88777603129908
11235980000,0,9,151.14823947598617,-33.887887781297415
11235980000,0,10,151.1482374559865,-33.887887451297225
11235980000,0,11,151.14821730597765,-33.88797497129596
11235980000,0,12,151.1482187259774,-33.88797520129611
11235980000,0,13,151.14819972596942,-33.88805505129489
11235980000,0,14,151.14859014590468,-33.88812104133173
11235980000,0,15,151.14872340588315,-33.888139391344254
11235980000,0,16,151.14881945586734,-33.88815465135333
11235980000,0,17,151.14888742585694,-33.8881596213597
11235990000,0,0,151.14888742585694,-33.8881596213597
11235990000,0,1,151.14881945586734,-33.88815465135333
11235990000,0,2,151.14872340588315,-33.888139391344254
11235990000,0,3,151.14859014590468,-33.88812104133173
11235990000,0,4,151.14819972596942,-33.88805505129489
11235990000,0,5,151.1482187259774,-33.88797520129611
11235990000,0,6,151.14821730597765,-33.88797497129596
11235990000,0,7,151.1482374559865,-33.887887451297225
11235990000,0,8,151.14823947598617,-33.887887781297415
11235990000,0,9,151.14826570599737,-33.88777603129908
11235990000,0,10,151.1480025460408,-33.887732901274276
11235990000,0,11,151.14795392604873,-33.887725791269695
11235990000,0,12,151.14796875605526,-33.88766117127062
11235990000,0,13,151.1480342860841,-33.88737564127473
11235990000,0,14,151.14808764607474,-33.88738883127979
11235990000,0,15,151.14835373603108,-33.88743021130487
11235990000,0,16,151.1483328160223,-33.88751801130353
11235990000,0,17,151.1487630459514,-33.88758741134409
11235990000,0,18,151.1488379059465,-33.887544031350764
11235990000,0,19,151.14902113591444,-33.88758750136814
11235990000,0,20,151.14888742585694,-33.8881596213597
